352034847227945 23
4587094573064 16
283038347166024 13
4589239959593 16
633509823938601 23
4569914671112 9
4810432839744 8
143073984413728 4
4535554932736 21
74941341204521 16
7009456095808 16
39754286792712 17
4572062187528 17
4570988445704 17
4570451574792 11
74940804268073 16
286044891414536 17
567519868125192 17
4578504638472 17
143078279512096 4
848174438941513 13
4547374547072 0
4552734801928 16
4554882318344 16
4553808576520 16
458925847871817 8
283008282394952 8
286027711545352 16
318188359516488 8
423741475782984 8
283005061169480 8
283004524298568 8
283008817168745 23
567502688256008 16
458930142970185 23
845953940848968 8
563141079760929 7
458909204873545 8
39719927021576 16
567494098321416 13
4536091803656 11
6734611775496 13
4536628674568 9
458909741744457 14
39721000796168 17
4537165578248 11
458909808854345 15
318175474614600 8
4538776190984 17
4538239320072 11
4537702416392 9
39722074537992 17
321194903765000 17
458912962969929 7
70543227519009 8
458908668002632 8
318171716518216 8
286012679159816 17
286011605417992 13
322570299901256 13
318172253389128 14
318172320499016 15
286011068547080 11
286010531643400 9
602669880475656 13
567487655870472 17
4546292383752 17
567486582128648 17
4545218641928 17
567486045257736 11
567485508354056 9
4612865392648 1
4544144867336 4
848140079203144 24
845941089502024 8
848960485097480 17
634042408271905 16
633492644069409 1
286019121610760 17
848141152944969 23
848140616074057 23
458914036842825 14
458913499971913 23
881121133068616 8
567485509402624 1
4578505654280 1
286053482397704 17
4561325785096 1
286036302528520 17
4604274409480 16
567494099337224 1
848969076080648 17
567554227863560 16
4546293399560 1
4545219657736 1
286021270142984 17
286020196401160 13
286019122626568 9
1254130712832 1
281629595860992 5
140892107472896 8
70557723033608 17
70523363295232 21
281631743311873 21
4589240025097 16
161061568513 16
156766601216 24
70559870517257 23
70525510778881 14
140894254956545 8
35341138690049 7
157840343041 21
191663210505 23
157303472129 21
155692892160 5
563104572538880 21
563106720022529 19
715112349825 7
165356535809 17
286044889382920 17
286010529644544 21
4569912606728 13
2370855796744 17
140875464474624 8
281612952862720 9
140909824213000 17
70541080035336 17
283021836290377 15
283021702070601 13
70506720296960 21
35356707946504 17
423758787774793 15
1237487714560 1
172335824904 11
281613489733632 13
140876001345536 8
140910361083912 17
1238024585472 1
172872695816 9
138512957440 8
70541616906248 17
70507257167872 21
281613623953408 23
173409599496 17
35357244817416 17
142807990272 5
563095982604288 7
105690555514880 7
105724915253256 17
423758653555017 13
422349904347136 5
141974439198976 1
140909287309320 9
140874927570944 9
351981160169472 5
316796788080640 5
176059299692544 8
176093659430920 17
36421322932480 1
35321811304448 16
175020212232 13
174483341320 17
140123602944 21
140660473856 21
35356171042824 9
211243671781376 8
70506183393280 9
71605695021312 1
70540543131656 9
211278031519752 17
281614563475456 9
140877075087360 8
140911434825736 17
70542690648072 17
70512625876993 8
70508330909696 24
35358318559240 17
35323958820864 7
70546985615369 23
173946437640 9
139586699264 9
1239098327296 1
352017667358729 23
351983307620353 21
282711927554304 21
140879222571008 7
1241245810944 1
140660506624 9
281612415926272 8
281646775664648 9
281616710959104 5
422349904314368 8
285224483423049 13
283021165199688 13
283025460166985 13
70543764389897 23
70509404651521 21
70543227518985 23
70508867780609 19
281648923181064 17
281614563442688 21
211280179003401 23
211245819265025 8
105692702998529 7
143881699328 8
105727062736905 23
352015519875080 17
283021299419464 15
281647849439240 17
4570986414088 17
4536626675712 21
5086390878208 16
5120750616584 16
140876001378304 5
35322885111808 9
281647312568328 11
351981160136704 21
316831147786248 17
422384264052744 17
70544838131720 8
70510478393344 8
564186904264960 1
703824881025024 8
633490496585736 17
844562369413120 5
563087392636928 9
70549133099016 17
70514773360640 7
35364761010184 8
281621005926400 9
281615771437058 5
140883517538304 8
180388888584 9
140917877276680 17
563123899891720 17
563089540153344 21
182536405000 7
563087929540608 21
563122826149896 17
563088466411520 21
563122289278984 17
181462663176 17
633456136847360 21
598271764758528 7
598306124496904 17
844562369380352 21
844596729118728 17
563088466444288 9
147102957568 9
563091687636992 8
281655365632008 17
423762948653385 13
633458284331009 19
633492644069385 23
70551280582665 23
70516920844289 7
105707735384072 7
286027709513736 16
352000487489545 19
70525510778888 24
70524437037064 13
423741473685833 23
283004522201417 19
161598439433 16
157303472136 11
74924631032841 11
351998340005896 11
4553806544904 16
211262999134217 8
105709882867721 7
70526584520713 13
140894791827465 8
35341675560969 7
70526651630601 13
283003985330504 3
283008280297801 23
191126339585 8
633473316716552 13
844579549249544 8
352006929948680 13
633475464200201 19
74933220975625 17
423745768784201 23
563107256893449 11
633464726781960 7
72705240236040 17
282991133983560 14
2336496025608 11
351985455104008 8
458908665905481 3
285190123684680 24
282991100428616 24
70540543164416 21
387167679709193 2
173946470400 21
281646775730176 9
140909287342080 8
1271310582016 1
171798953984 21
141197344776 13
286012677128200 17
70508867780616 11
35324495691784 7
351984381362185 13
70509404651528 13
35325032562696 13
351983844491273 11
387442561810441 17
4537700352008 13
286011603386376 13
70507794038792 11
282988416074057 15
105691629256712 7
423725367558473 23
211244745523208 8
286011066515464 11
423724830687561 23
353356086509897 15
318171714421065 15
211244208652296 8
105691092385800 7
321194901733384 17
74904297046024 16
425927612040009 7
318171177550152 3
844570959314952 7
387440414326792 17
387165532225544 2
351983307620360 8
70542690648065 21
316798935531528 7
353355549638984 15
318175472517449 23
355558867862345 23
353359844606281 23
423728588783945 7
423724293816648 24
70509941522441 13
281615637184520 13
4538774159368 17
5088538361864 16
211246893006857 8
105693776740361 13
281615100313608 11
144418570248 8
74906444529673 16
351987602587657 23
422352051798024 8
351982233878536 8
39720998764552 17
40270762967048 16
5086927749128 16
285191197426505 23
282992174170441 23
282987879203144 15
70511552135176 8
172872761344 9
351981697007624 11
285190660555593 23
282991637299529 23
282987342332232 24
70511015264264 8
774193625202696 1
567485506289672 13
844566664347656 8
668640508936200 7
598273912242184 7
351991897554953 13
633458284331016 8
563090613895176 13
915208143142921 17
914933261041673 2
563121752408064 21
598272838500360 7
563089003282440 11
633456673718280 11
633457210589192 8
70515847102472 7
845937295753545 15
598272301629448 7
848960483065864 17
774743389405192 16
565286449479688 11
286019119579144 17
423729125785929 23
914931113558024 2
915205995659272 17
637854250532872 16
844562906251272 11
425928149041993 23
423729662656841 23
425928685912905 23
844563443122184 8
4545216610312 17
879746741469192 7
458912961003849 3
633460431814664 8
845936758882632 15
848140077105993 23
845941053849929 23
351989750071304 7
633459358072841 13
70517994586121 17
844564516864008 8
281623153377288 13
567486580097032 17
568036344299528 16
5094980812808 17
223338594304 21
225486077953 19
281681135468544 5
140943647080448 8
70574902902784 7
1305670320384 1
35390530813952 7
208306208768 7
207232466944 8
206695596032 21
206158692352 9
70577050386433 8
281681135435776 8
210453692416 8
17798613204993 19
207232499712 5
563156112146432 21
70592082771976 16
225486077960 16
223875465224 16
70594230255625 8
227633561608 8
226022948873 19
70575439773704 16
352052027097097 8
70575976644616 16
4604272345096 16
2405215535112 16
140944183951368 8
35391067684872 16
208843079688 16
209379950600 16
207769337864 8
352049879613448 16
70578124128265 8
281681672306696 8
210990563336 8
281683282919432 16
633524856324104 16
598340484235272 16
563158259630088 16
563157185888264 8
563156649017352 16
844631088857096 8
563160407113736 8
1529008619808 1
914984804843561 23
4844792610824 13
142249317105952 1
71880572928288 1
36696200839456 1
1513976234272 1
1512365621536 1
288209554899520 16
286010531643456 8
285220323199776 0
285220188980000 13
283021299943712 18
283021165723936 13
282986805461280 5
1516123717920 1
564461782171936 1
283003985854752 8
6768937927232 16
4569914671168 8
4810969743368 17
4844935186560 0
39994804961288 17
1546322708768 18
4812580356104 17
1546188488992 13
285190124208928 0
282991100952864 8
4811506614280 17
4810432839688 9
423724294340896 8
286285409583112 17
353355550163232 8
318171178074400 8
425923317596960 20
355554573419296 0
285187976725280 0
285186366112544 0
282987342856480 8
282988953469216 20
567760386293768 17
4819022807048 17
845936759406880 8
848135782662944 20
283023313207600 13
851159509369408 16
848960486113344 8
283006133338416 8
282993248436528 8
423726441824560 8
353357697646896 8
318173325558064 15
4819023822856 1
286294000566280 17
845938906890544 15
431644508161 8
281887293898752 9
141149805510656 8
70781061332992 8
70815421071368 13
387202043641865 23
448824377352 13
414464638976 21
446676860936 13
1511828750592 19
141184165249032 13
35631048982536 13
446811080712 9
447750635528 13
387199896158216 17
70783208816641 8
70817568555017 13
281921653604360 13
413390929920 9
563362270576640 21
914967624974345 23
455266828296 13
914965477490696 17
387184863772681 7
914956887564296 13
387182716289032 7
432181379081 8
914950445105161 19
914948297621512 11
286285407551496 17
387168757645321 13
70782135074824 8
285191201620808 24
282992211919688 14
70781598203912 8
387169831387144 8
2611373965320 17
914941855170569 13
387168220774409 11
352258185527305 8
914939707686920 7
387167683903496 7
281889441349640 17
387166610161672 7
285191738491721 23
4811504582664 17
355559945798473 23
387166073290760 11
352256038043656 8
282986805461256 18
70784282558473 8
387171978870793 23
914935412719624 8
633731014754312 8
950117637324809 7
914934338977801 13
914933802106889 11
387176273838089 8
950115489841160 7
914931654623240 11
844837247287304 17
387174126354440 8
914933265235976 16
914937560203273 23
914932191494152 16
848141155042121 23
387236403380233 8
387234255896584 16
2615668932632 23
4846007945344 2
915001984712713 8
914999837229064 16
143353157419032 23
4552743190528 0
4537710804992 0
4536637063168 0
5119670517768 16
4538784612352 0
4545227063296 0
740882153505 7
633509832327201 7
5085310746632 16
5087458263048 16
5086384521224 16
633501242392609 7
88135153516577 7
286560287490056 16
633496947425313 8
568035264200712 16
774230140813345 7
668677024546849 7
633493189328929 7
5093901729800 1
286568878473224 17
706522415105 19
563115309957249 7
4588174671880 16
4553814933504 16
281640333246593 7
140902844891265 8
70534100713601 7
35349728624769 8
166430277761 7
282162171805696 9
71090298978312 16
141424683417600 8
88098646294528 16
722628542472 16
71055939239936 21
1786706657536 1
141459043155976 16
35905926889480 16
723702284296 16
689342545920 21
282196531511304 16
71058220943361 21
4573142286344 17
4538782547968 21
71058086723585 13
71092446461961 23
39755366891528 17
39721007153152 21
4571531673608 17
4537171935232 21
74905379241984 16
4536635031552 9
688268836864 9
74939738980360 16
774227993329672 17
563671508221960 16
563637148483584 21
580679855538176 16
730144735240 17
567520948224008 17
567486588485632 21
4579584737288 17
4545224998912 21
71073119109128 16
706522415112 16
39738187022344 16
4554351804424 16
4555962417160 16
774210813460488 8
199716274305 21
567503768354824 16
4562404868104 17
211793427595272 8
774202223525896 8
286560285458440 16
106240311328776 16
71058086723592 16
35873714634760 16
352533063434249 16
690416287752 16
689879416840 16
141426830901256 8
71057012981768 16
71056476110856 16
71060234207240 8
352530915950600 16
5086382489608 16
71059160465417 16
74907526725640 16
282164319256584 16
693637513224 8
39723154636808 17
39721544024072 17
74905916112904 16
567495178420232 17
4570994802688 21
110089751330824 16
4539319418888 17
634005892661256 16
704374636838920 8
71064529174536 7
774195781074952 8
563639295967240 16
598821520572424 16
774194170462216 8
563637685354504 16
774194707333128 8
563638222225416 16
845112125194248 16
774197928558600 7
563641443450888 8
602670960574472 17
39729597087752 17
567487125356552 17
637855332663304 16
567488735969288 17
4547372482568 17
74913969176584 17
773094416384 21
22130701205508 3
22129627463684 3
234076012673 19
141493402902528 8
71124658724864 7
35940286636032 7
758062030848 7
756988289024 8
756451418112 21
755914539008 11
282230891257856 8
760209514496 8
18348369027073 19
22130164334592 3
22129090592768 3
563705867968512 21
764504481792 7
567486589501440 3
773094408200 11
781684350984 7
563714457903112 7
71124658716680 11
756451409928 11
758062022664 11
4570995818496 3
774262353068040 16
563705867960328 11
71133248659464 7
766651965448 7
70586714062985 8
36713389097248 13
142266505363744 13
71897761186080 7
1531164492064 13
1529553879328 13
1533311975712 13
564478970429728 13
212618069672224 13
107064953405728 13
177433697583392 13
36698356711712 7
71882728800544 13
1514521493792 7
36696746098976 7
5909950759200 18
3710893949216 13
142251472978208 13
142249862365472 13
71881118187808 13
36700504195360 13
142253620461856 7
71884876284192 13
1518279590176 13
1516668977440 13
599646162649376 7
705199278915872 13
634830534738208 13
564462327431456 7
564466085527840 13
1563376746784 13
142283685232928 13
71914941055264 13
1548344361248 13
1546733748512 13
1550491844896 13
564496150298912 13
633767530364961 13
5912099291424 3
1529017008384 19
440234442881 21
71880581316864 19
36696209228032 19
142249325494528 19
1513984622848 19
3712035325192 15
142251037296392 0
71882293118728 0
36697921029896 0
1512910881024 5
1512374010112 19
1516132106496 19
4845872709640 13
4811512971264 21
564461790560512 19
564463502362376 18
41097477489924 20
41095866877188 0
5911025025284 4
1530091274496 8
604045283427588 20
71881655582976 8
387717439717385 16
3714082145024 20
1515058888960 20
1546331097344 19
1546196877568 13
142250399760640 8
41095330006272 20
36697350604032 20
3712471532288 0
1513448276224 0
36697283494144 14
74080678839040 20
144449423016704 0
387715292233736 16
3716229628672 20
1517206372608 8
39995885060104 17
4812049842184 17
4813660454920 17
774468511498248 8
915483021049865 16
564462864826624 20
566661888082688 20
915480873566216 16
567761466392584 17
4820102905864 17
4811513987072 3
566661988746520 15
36714530473232 8
5913173557508 3
5911562944772 3
1532238758160 8
564480044695824 8
568860979495172 3
604047430911252 15
36699498087696 15
41097477489936 15
177434838959376 8
107066094781712 8
142252547244304 8
71883803066640 8
36699430977808 14
5911025025296 15
3712035325200 15
705200353181968 8
634831609004304 8
604045283427600 15
599647304025360 15
599647236915472 14
564465012310288 15
564467159793936 8
457551458369792 8
143074521284896 4
457538573467904 7
39719943798784 1
457536425984256 8
457535352242432 8
457534815371520 8
4544161644544 1
143078816383264 4
39728533798912 1
6184830763016 0
5635066560520 1
457568638238976 8
4604291186688 1
457602997977344 21
5643657543688 1
1297080393738 5
176076479561984 8
105707735384320 7
35341138690304 7
35345433657601 14
35340064948480 7
35339528077568 7
35338991173888 9
140898549924097 7
161598439681 8
70529805746433 8
316813967917312 7
35343286173952 8
281636038279425 8
598288944627968 7
563111014990081 8
176059836563712 8
105690555482368 1
282711927619584 5
71648644702218 24
1236950843392 16
1271310581768 11
35322348175616 9
105691092386048 7
35322885046528 9
176060373434624 8
105691629256960 7
35323421950208 7
316801083015424 8
176059299660032 1
142017388879882 24
176061447176448 8
105692702998784 7
35323958788352 9
1282048008202 24
35325032562944 7
35324495692032 7
316796788015360 9
457534276403456 3
387165532225792 2
387440414327040 8
316798935531776 7
1284195491850 24
35326106272000 9
35328253788416 8
105694850482432 8
282754877235210 24
176063594660096 7
316797861789952 7
1238024650752 5
35327180046592 8
316797324919040 7
35326643175680 8
739009253114112 8
668640508936448 7
598273912242432 7
1279900524552 23
598271764726016 9
564229853945866 24
598272838500608 7
598272301629696 7
52914265915648 9
879746741469440 7
598276059726080 8
35373350945024 7
285207355982184 20
195421307137 8
425944844468584 20
40837623645186 18
105724915253504 7
355558884639560 5
176093659431168 8
35358318559488 7
35357244817664 7
35356707946752 7
353359894938440 5
35356171043072 9
316831147786496 7
35360466043136 8
603770397197314 18
40829033710594 18
598306124497152 7
322295420486658 13
915208143143176 8
915207069401352 8
111189187953666 18
40822591259650 11
40820980646914 18
35407710683392 21
285241715720568 13
229781045505 21
35390530781440 1
35392678297856 21
35391604556032 21
35391067685120 21
316865507524864 21
35394825781504 21
598340484235520 21
425944844337528 7
40029164699912 13
457809156407552 8
321194920509504 8
283021853591840 15
286019138355264 8
39996952445192 13
39995878703368 13
39995341832456 13
39994804928776 9
321469781672200 13
602944758382856 13
35613869113600 8
435939475713 8
387182716289280 7
1563502577675 8
105965433422080 8
387169831387392 8
176334177599744 8
35598836728064 7
35596689211648 9
35597762986240 7
35597226115328 7
387167683903744 7
387166610161920 7
387166073291008 7
317071665955072 7
35600984211712 8
564496276129803 8
1554912643083 8
41370207454272 3
598546642665728 7
283021299419147 8
1546322708490 8
950115489841408 7
142283811063819 8
71915066886155 8
1546859579403 8
436476346633 8
2611910836488 17
39994802864392 13
35631048982784 13
35631183202560 21
388544271221576 5
355559962575688 5
353360972874568 14
285191755268936 5
282992765567816 14
387199896158464 7
41095321682946 18
387234255896832 21
5635074949120 0
5669434687496 0
458084034314496 21
5652254818312 0
40819447037960 0
5637222432776 0
5636148690952 0
5635611820040 0
5093917458440 1
568585028370440 4
5643664883720 0
40278289612808 1
5154047008768 2
5703794425864 0
5162636943368 2
40347009097736 2
35888747020544 21
710817382657 21
35871567118592 1
35873714635008 21
35872640893184 21
35872104022272 21
1829656338442 24
317346543862016 21
35875862118656 21
41095329547328 23
598821520572672 21
35905926889728 21
41370199589890 18
176351365824800 13
105982621647136 7
176336333439264 13
176334722826528 13
105967589261600 13
105965978648864 13
176338480922912 7
105969736745248 13
739284139376928 13
668915395199264 13
176368545693984 13
105999801516320 13
5909952856072 0
286568894169160 8
40837631509568 3
88373524201728 8
176334185955584 19
105965441777920 19
387715292233984 21
111189195818048 23
40820988511296 3
5636146659392 3
580954733445376 7
603770405061696 3
40829041574976 3
41098031138052 3
1530644922624 8
41095883654400 3
36697904252160 15
142250953408768 8
71882209231104 8
36697837142272 14
1515612537088 15
1517760020736 15
3745387907098 19
143091130728480 24
143095425826848 24
213442695036960 24
143076098342944 24
143074487730208 16
6768937959432 11
4569948258312 17
424548927569952 24
706028199378976 24
143078245826592 7
706023904280608 24
424553222668320 24
845975415685960 13
213446990135328 24
143080393441312 24
143078782828576 16
4552768389128 16
285203010683208 19
283004020982088 8
565340103147553 1
6734578188296 11
39719960608776 13
6736725704712 13
6735651962888 11
4536662261768 17
4536125390856 11
4535588487176 9
288209554931720 11
286010565230600 17
318171213201736 8
569684531642376 13
567485541941256 13
4544178454536 13
881125428036424 8
845942129689416 8
845941592818504 8
143142670336032 24
143146965434400 24
4604307996680 16
4544179470344 1
286019156213768 17
2355789856769 14
563104606126082 13
154652704768 5
163242639362 13
281629629415426 13
35339024793602 13
140874961158144 8
281621039480834 13
281612449546240 23
140909320896520 17
844562402967554 13
150357737474 5
141767802880 5
563091721224194 5
2371895984136 17
172369412104 17
143073950859264 19
3435974099200 1
2370822209544 11
2336462471168 21
2372969725960 17
2338609987584 21
72739566419976 17
171832508424 9
137472770048 8
72705206681600 21
70540576718856 17
70506216980480 21
35356204630024 17
283845798952968 11
72707488385025 21
72707354165249 13
72741713903625 13
281646809251848 17
140883551125506 5
140874961190912 5
35330434859010 13
70514806947842 13
35321844924416 23
138546577408 9
563087963127810 13
4569946226696 17
4535586488320 21
563088499998722 13
147136512002 13
703824914612226 5
633456170434562 13
598271798345730 13
351981193723906 13
563087426224128 21
563121785962504 17
565320775663624 17
565286415925248 21
281613523288066 13
281612986417154 13
422349937901570 5
35326139891714 5
180422475784 17
316796821635074 13
563087426256896 23
281616744513538 5
143078245957632 19
563096016191490 13
17729927315458 13
176059333279746 5
105690589102082 13
35322918666242 13
35322381795330 13
146062770176 23
72722386550792 17
70523396849672 13
285207305650536 0
2355789856776 17
72724534034441 13
6754910110729 16
2356930708489 13
2356326727689 16
4552766357512 16
353359844606792 0
105690589069320 7
286010563198984 17
425923317072201 23
143073950826504 11
211243705335816 8
213442695036936 17
72707354165256 13
2338609954824 11
72706280423432 17
2337536213000 11
70506753851400 11
70507290722312 8
282992174170952 2
72705743552520 16
285186365587785 15
2336999342088 16
354182330875913 13
143076098342920 17
72705206648840 11
2339683729416 11
2339146858504 16
351981193691144 8
72709501648904 11
354180183392264 11
353360381477705 23
282992711041865 23
5086424432648 16
4536660230152 17
4536123359240 11
318176009388873 23
563121785995266 18
39719958577160 13
72708427907081 13
283813586698248 11
2342904954888 11
70510511947784 8
282986839015752 15
180422508546 18
171832573952 9
283811439181832 11
2340757438472 11
285185828716872 15
285190123684169 23
633456170401800 8
635655160102920 17
845941053850440 3
565288563408904 17
706023904280584 11
563088499965960 8
563087963095048 11
565287489667080 11
565286952796168 16
281646809284610 18
70514806915080 7
844562402934792 8
846761392635912 11
565290710892552 11
425927612170569 23
845941590721353 23
35356204662786 18
567485539909640 13
4544176422920 13
2405181980672 21
206192279552 21
563156145733634 5
206192312320 5
214782246914 5
281681169022978 5
35390564401154 5
2422361849864 16
143142670336008 16
70574936457224 16
2405181947912 16
2406255722504 16
2405718851592 16
206729150472 16
140943680634888 8
35390564368392 16
207266021384 8
283880158691336 16
2409476947976 16
281681168990216 8
210487246856 8
4604305965064 16
565355135401992 16
563156145700872 16
214782214152 7
143348828766240 24
3710852006176 1
143353123864608 24
7009456128008 13
4810466426888 17
285185862796064 0
285185829241120 15
282986839540000 17
285187976724784 15
429530611714 5
2645700149256 13
446710448136 13
563362304163842 18
420940677122 18
412350742528 23
281887327453186 18
416645709826 5
35596722831362 18
141149839097858 5
70781094920194 5
413424484354 18
412887613442 18
2611877281800 16
72980084588552 17
70781094887432 8
143348828766216 17
2613487894536 17
2612414152712 17
2611340378120 9
353360922542920 0
318176550454088 14
282992715236168 0
387165569974280 7
284086317121544 17
2615635378184 20
4810464395272 17
917132288491529 13
845942131786568 24
914931151306760 16
917130141007880 11
916310875964233 23
881126503875401 14
845942668657481 23
446710480898 13
2649995116568 13
2632815247384 23
143370303733784 23
284090612088856 23
6803295600712 16
706303077285912 23
143353123733528 7
72984379555864 23
2617782861848 23
2616709120024 23
424828100575256 23
565565588799512 23
213721868042264 23
143355271348248 23
143354197606424 23
143623706673184 24
4535596875776 0
582878878793760 24
143628001771552 24
635708855713825 13
2939905540129 1
5085344333832 16
635692212715553 13
582913238532129 7
635691675713569 13
90334176903201 13
721588355080 16
4536668618752 21
563637182070786 13
687228649472 5
695818584066 13
282162205360130 13
35871600738306 13
4553848487944 16
73254962495496 17
71055972794376 16
2888365801480 17
776396951945224 19
39721040707592 17
4537205489672 17
74905412796424 16
5085342302216 16
774193667145736 8
563637182038024 16
565836171739144 16
776392656846856 17
567486622040072 17
4545258553352 17
22129124147204 3
2954937802752 21
755948101632 21
2954937794568 11
755948093448 11
764538036232 7
3728040263968 13
1529050562848 17
36696242782496 17
144448348750112 13
74079604572448 13
3713007878432 13
3711397265696 13
1512407564576 17
3715155362080 13
566660813816096 13
564461824114976 17
3745220133152 13
1530191938824 8
3710860394752 19
142250500424968 8
71881756247304 8
36697384158472 20
144449523681032 0
74080779503368 0
3712572196616 0
1513548940552 15
564462965490952 20
566661988747016 20
41095363560708 20
5911528342788 4
568860944893188 4
3712035325696 20
3711968215808 14
3711934660864 15
5910991471872 22
1513012069632 21
1512944959744 14
4811546525704 17
36714564027672 8
564480145360152 8
177434872513816 8
107066128336152 8
705200453846296 8
634831709668632 8
599647337579800 15
5911059628292 14
1530191938832 8
568861482812676 3
604045316982036 15
41095363560720 15
36697384158480 15
3714082144528 15
142250500424976 8
71881756247312 8
566661888082192 15
568860944893200 15
564462965490960 15
564462898381072 14
143091667599648 24
1297113948202 5
285237521418568 19
143095962698016 24
213443231908128 24
143076635214112 4
142017422434346 20
71648678256682 5
706028736250144 24
424549464441120 24
143078782697760 7
457534312055040 8
282754910789674 5
1284229046314 20
424553759539488 24
706024441151776 24
564229887500330 5
213447527006496 24
143080930312480 4
1288524070946 18
282759206281258 20
71652973748266 20
564221297623074 18
1279934136354 18
282746320912418 18
1275639169058 5
564234182991914 20
142008832557090 5
71640088379426 13
1271881072674 18
143143207207200 1
143147502305568 1
35339024761088 7
285241682166120 13
2360084824321 14
285242219037033 13
143097573310721 19
1254164332546 13
176059333247232 8
35321844859136 9
353394221122376 13
35322918633728 7
35322381762816 7
105690589069568 7
1279934078986 19
72708025256193 19
316796821602560 7
35326139859200 8
564186937884674 13
1245574397954 13
1236984463360 23
282711961174018 13
598271798313216 7
1241279430658 5
36421356552194 13
141974472818690 5
71605728641026 13
5636104717314 18
1238058205186 14
1237521334274 13
425944810783080 7
285207859298664 24
425945347653993 7
425945347785064 24
5653285110786 17
35356204630272 7
3435974098952 11
388544233472840 2
353360935125832 5
353360398254920 5
568586058662914 18
5644695176194 11
287111081952258 13
915206029213960 8
40820477330434 18
76004849419266 13
5636642112514 18
1271344201730 19
35390564368640 21
1305703940098 5
143349365637408 24
1546356262954 8
143353660735776 1
7009992999176 13
39994838515976 13
1546222108706 13
35596722798848 7
2646237020424 13
2650531987721 13
387165569974528 7
6185868919872 3
1511862370306 18
2629057151240 17
2633352118537 23
2631204634889 17
143370840604937 19
706303614157065 19
72980621459720 17
143349365637384 17
143353660604681 7
72984916427017 23
2618319733001 23
2611877249288 9
2617245991177 23
353361476191048 5
318177104102216 14
2614024765704 17
2612951023880 17
388545311408968 14
388544774538056 5
284086853992712 17
284091148960009 23
2616172249352 24
565561830703368 17
565566125670665 23
213722404913417 19
143355808219401 19
143354734477577 23
424828637446409 19
5910983148546 18
3745345964058 1
143624243544352 1
1829689892906 20
143628538642720 21
5635108503560 0
1821100015650 18
35871600705792 21
5910991012928 23
1786740277250 13
6185861055490 17
90572547457312 18
176334219510048 13
105965475332384 13
5653292975168 3
583153756832000 19
40820485194816 3
76004857283648 23
5636649976896 3
568586066527296 3
5644703040576 3
41095917208836 3
3712488308992 15
5911545120000 3
1513565717760 15
1513498607872 14
3762534221850 19
566695307773978 19
74114098530330 19
74958453964841 11
5102431895552 0
4552667693056 1
286064149561385 16
74957917028393 11
39773544939561 16
4589709721641 23
74966506971177 17
567539126272041 16
4597762785321 17
22155868078208 0
4564487307392 0
40819388317696 1
110125646184489 23
356415713869865 16
5087399510016 0
4537635307520 1
4810902601792 8
4570384433160 11
4536024694784 21
7010462728768 16
5086325768192 0
4811439472704 8
4536561565696 1
7009925857856 16
39719859912704 0
39994737819712 8
110125109248041 16
74941274030121 23
356416250806313 23
288484365697600 16
286285342441536 8
286010464534528 18
567497260859520 4
5088473317376 0
637891227516969 23
567554161770496 1
567485441245184 4
567760319152192 8
569959342408256 16
4818955665472 8
5643606163456 1
4544077758464 0
637890690580521 16
74949327093801 23
40827978317824 1
22139761950848 0
5094915768320 0
39731679527040 0
4553204563976 16
458926921614665 8
318189433259336 13
283004054536520 19
4589172850721 21
458931216713033 23
6734544633864 11
74941274095649 21
7043882945088 17
458908735111497 15
458912996525896 7
7043748725312 13
4844725469248 13
4569847562240 18
39720396783624 11
318176042944360 3
423729159210856 7
353360415033192 0
318176548357448 13
318176045041480 13
4537098436616 11
318176581912392 13
458910278616393 8
4538172178440 11
74940737159201 21
286011001405448 11
458914036712777 7
322569226158408 15
458909741745480 8
318172790261064 13
318171246756168 15
567485978116104 11
881125461591880 13
845942163244872 8
845941626373960 8
458914070398792 13
458913533527880 19
458913531430760 3
845941624276840 3
458914573714761 15
881122206811464 13
4581667176576 0
567502622162944 1
567494032228352 1
5703735705600 1
4604207300608 0
567487589777408 1
567486516035584 1
567485979164672 1
851434320167488 16
849235296911424 8
848960419004416 18
4604744171528 16
567519802032128 1
286062002143240 16
74957917093897 11
39773545005065 23
4590246658057 23
4589709787145 23
70526584521729 21
4554813112321 19
286064149626889 23
156833710081 21
4588099174408 16
286027642372098 18
286062002634754 18
567539126337545 23
74966507036681 17
4597762850825 17
74938589675528 16
281612483100672 9
848994776186882 18
140874994712576 8
140909354450952 17
1237017952512 1
171866062856 9
70540610273288 17
70506250534912 21
35356238184456 17
286010999406592 21
4570382368776 11
286045896015880 13
172939837448 17
4570919239688 13
172402966536 17
286045359144968 11
848960415924226 18
74904229937152 21
321229194362888 17
286019052437506 18
39754217586696 13
286010462502912 23
286046969757704 17
174013579272 17
139653840896 21
4535485726720 3
5634997354752 1
4569845465096 9
286012610019328 21
4571992981512 13
4537633243136 21
70542757756937 17
74906377420801 19
74940737159177 23
70508398018561 21
286044822208520 13
4573066788872 17
4538707050496 21
281646842806280 17
39755291394056 17
39720931655680 21
4536559534080 1
40270695858176 16
5086323736576 16
40305055596552 16
138580131840 9
5086860640256 16
5121220378632 16
286019052470272 21
321229194854402 18
848994775695368 17
356379206680578 18
286053412208648 17
321194834591746 18
286046970249218 11
286012609986562 5
356413566943234 18
563087459778560 21
180456030216 17
286010999373826 18
563121819516936 17
286011536244738 13
567519798919176 13
567485439180800 21
567520872726536 17
567486512988160 21
4579509239816 17
4545149501440 21
74921409806344 11
848977596317698 18
286036232830978 18
286027642896384 23
286029789888520 16
286028179275784 16
352001561232393 13
4554813112328 16
4589172916225 21
74923557289993 11
211264072877065 8
105710956610569 13
70527121392649 13
4555349983241 13
39738111524872 16
4562329862146 18
4553739927552 23
74929999749128 13
848977595826184 16
286036232339464 17
356396387074050 11
286029790380034 17
286028716638210 13
286028179767298 18
74932147232777 17
633476537943049 13
70535174456329 17
567503692857352 16
74922484105218 11
4555887411202 17
567494029115400 13
356379207204864 23
919329160626178 2
211243738890248 8
423728622339912 7
353359878162248 0
318175506073416 3
110088602025992 16
848969005891592 17
884144788537346 18
356387797139458 18
321194835116032 23
848962563932162 11
70508398018568 17
351983374729225 17
70512692985865 8
286021200445442 11
321196982108168 17
39722005331976 13
74906377420808 16
356381354131465 16
286044822274048 21
286013683761160 13
140727582728 13
286013146890248 11
4538170114056 13
4538706984968 13
848961490190338 13
70507324276744 8
282992207726408 20
286012073148424 13
848960953319426 18
70506787405832 11
458913533396840 7
282991670855496 19
282987409441097 15
74905303678984 16
321195908366344 13
74904766808072 13
287385388843337 15
321195371495432 11
105690622623752 7
423724360925513 15
70509471760393 13
74907451162633 16
39723079139336 17
40272843341832 16
356379206647816 16
351981227245576 8
4570919305216 21
567495102922760 17
40271232729096 16
70510545502216 8
282986872570184 15
287384851972424 19
5089008123912 16
211245886373897 8
105692770107401 17
286012609953800 13
70508934889481 17
281614630551560 17
391563579293698 2
321203424559112 17
848969006383106 18
70514840469512 7
845941087405896 3
458912994559816 3
848960416448512 23
637854183358472 16
602669811269640 13
848962563440648 17
567487586664456 13
286021199953928 17
74912819871752 13
286044822241282 18
286013818472450 17
286013684252674 13
356381354688514 17
286013147381762 11
321196982599682 11
848961489698824 13
563088533520392 8
356380280946690 13
321195908857858 13
423729696212808 20
356379744075778 18
286020126212104 13
423729159341896 19
881125998462824 8
567486512922632 13
633456203956232 8
567485976051720 13
848960952827912 11
844562436489224 8
637855257165832 16
848960415891464 13
637856330907656 16
633458351439881 17
70516987953161 7
602670885077000 17
567488660471816 17
4547296985096 17
603220649279496 16
568036814061576 16
40279285792776 17
74975096963073 19
4604205236224 21
206225833984 21
22679853039616 16
568036278206464 16
74992276832265 11
4621385105416 16
70595303998473 8
70574970011656 16
74972949413896 16
140943714189320 8
35390597922824 16
423729696081752 7
207299575816 8
353360951904088 5
318176579815256 5
39788577325064 16
4606352719880 16
4604742107144 16
206762704904 16
281681202544648 8
210520801288 8
5120684523520 16
567554158657544 16
563156179255304 16
458914068301656 3
845942161147736 5
214815768584 7
286027644403776 8
4810365730816 18
4845262372872 13
5909875261728 18
1511895859488 18
322294365028416 8
321194836623424 8
288210695752256 17
288210561532480 13
288210024661568 16
286011538276416 13
286011001405504 8
848960417955904 8
851159441211968 16
286019054469184 8
287118582874176 8
4822185345152 0
4587027431488 8
6769407689280 16
39754219651136 8
7009422573576 13
40029240166528 0
287385389433120 18
4813050118152 17
322569224651040 18
6769944560192 17
4811976376328 17
318177122977608 0
4845941819520 0
4570921304128 8
39995274723336 17
4845404948608 0
4570384433216 8
4810902601736 9
288243847529024 16
286044824272960 8
286285879345160 17
287384852496672 18
285185896350496 0
282986873094432 18
567519800983616 8
569718824239680 16
4578437496896 8
567760856055816 17
567794821499008 4
4853458012288 0
881126539528008 13
850334805983520 18
848977598873664 8
848969008939072 8
567760320200704 1
850369299941680 17
851159979131456 16
851160650222144 17
851160516002368 13
848961492746304 13
848960955875392 8
287386999980336 15
282989020578096 15
851193801998912 16
848994778742848 8
919363524558850 18
286319700181000 13
286285340442624 21
4844723404808 13
446744002568 13
4845797212168 13
4811437473792 21
391597943226370 18
286285340409858 18
919346344689666 11
70801462428681 7
391580763357186 11
954513536909314 18
70781128441864 8
919331312304130 17
286287487926280 17
4812511150088 13
391565730414601 16
387167751012361 17
919330238562306 13
318176584009544 3
282992748791624 0
353360956098376 0
286286414184456 13
919329701691394 18
286285877313544 17
849235294355458 18
321469712531464 17
391572173422594 18
391563582930952 16
387165603528712 7
70783275925513 8
39995809562632 17
4813584957448 17
567760317087752 13
919337754755074 18
321469713022978 18
286293930377224 17
849235293863944 17
391565730971650 17
914933332344841 17
286287488417794 20
919331311747081 16
391564657229826 13
845942165342024 20
391564120358914 18
919329164263432 16
914931184861192 16
391574320414729 13
567761390895112 17
4820027408392 17
286321848156178 13
849237441839122 15
286296078352402 15
2405282644040 16
4846477707392 23
321471860506642 15
286288696379410 17
286288562159634 13
916310909519704 5
881126537430872 3
567795894257792 23
4854530771072 23
39737048170496 0
4554823565312 0
4553749823488 0
4553212952576 0
5138928664617 16
567502629502976 4
4561266016256 0
4562339823616 0
6734553022464 0
75491029909545 23
39720942043136 0
4537106825216 0
22127950692352 0
5119603376136 16
5085243637760 21
4538717437952 0
4538180567040 0
39722015784960 0
75490492973097 16
22131172016128 0
567495113375744 4
39723089592320 0
4539254374400 0
567487597117440 4
4546233630720 0
567486523375616 4
4545159888896 0
22138688208896 0
39729532043264 0
5097063252096 0
4547307438080 17
567488670924800 4
5102423506952 16
4587035820032 0
40269615726600 16
5087391121416 16
5086317379592 16
5085780508680 16
4572003434496 0
4570929692672 0
286560220348424 16
4573077241856 0
568035197059080 16
6193361977352 1
5093833572360 0
637890698969121 16
633492719566881 7
41377734131720 1
4579519692800 0
4621395558400 0
6253491527680 2
4606363172864 0
568035198107648 1
5153963114504 11
6262081462280 2
5162553057288 0
41446453616648 2
5138928730121 23
39772479651848 16
39738119913472 16
4553747791872 16
4588644433928 16
4554284695552 16
39747775201409 21
4563403047041 21
165423644801 21
286594578087944 16
286560218349568 21
5119601311752 16
721621909512 16
39757447266312 17
22198816702464 16
22130096177152 4
74905312100352 16
4538715406336 3
4573612048392 17
5120675119112 16
5086315380736 21
4539252310016 21
39720940011520 9
110089684221952 16
110124043960328 16
4537104793600 9
74905849004032 16
74940208742408 16
39755836653576 17
39723087527936 21
39721476915200 21
286560218316802 18
286013817948290 5
602670893465600 21
567486521344000 4
602705253203976 17
39763889717256 17
39729529978880 21
4545157857280 3
567521417986056 17
567487058247680 21
22129559306242 18
286577398218760 16
71076340335625 16
39740267397128 16
39738656784392 16
4556432179208 16
5103495249928 16
286577398710274 18
602688073334792 16
39746709848072 17
567504238116872 16
75453985751048 16
849510172262402 18
321744590438408 16
689409654792 16
286562365833224 16
5087389057032 16
286561292091400 13
286560755220488 16
71056006348808 16
40270687469576 16
71058153832457 16
5088462864392 16
602679483400200 17
39755299782656 21
110091831705608 16
39723624398856 17
74907996487688 16
110090221092872 16
4570927661056 4
4571464564736 21
568035194994696 16
849510171770888 16
286568808284168 17
286562366324738 17
774193700700168 8
563637215592456 16
356928963018754 18
321744590929922 18
568036268802056 16
673039637643272 16
602673040949256 17
602671430336520 17
110098274156552 17
39731677462536 17
637855802425352 16
567489205731336 17
5094905315336 17
22147277094912 16
567503702261760 16
5153961058304 21
755981656064 21
92498841403392 16
22131170967552 3
22130634096640 3
567495112327168 3
22129023451136 3
585077903097856 3
585080050647040 3
22138687160320 3
637855266570240 16
567487059263488 3
22131707838466 3
4588108578816 16
75000866709641 8
70603893933193 8
5153961050120 11
755981647880 11
22164456964096 3
74939672887296 16
4573076193280 3
4571465580544 3
5162550992904 4
764571590664 7
567520882130944 3
4579518644224 3
1529084117280 18
36696276336928 18
71880648425760 18
41094255739168 18
1514051731744 7
4812521603072 0
4811447861248 0
1512441119008 18
5910420521248 18
142249392603424 18
5912031133984 4
288759243604544 16
286560220348480 8
4813595410432 0
568859837071648 18
564461857669408 18
4820037861376 0
7318626632256 16
5119603376192 8
5944377608480 17
5944243388704 13
1546263986464 13
287668338688072 8
5912569053472 3
851709198074432 16
849510174818368 8
5946391920928 13
5909883650304 19
5911595452168 0
1511904248064 19
40030177689608 13
39995817951232 21
57313394524224 23
4811445829632 4
4846342471688 13
4811982733312 21
22129022402624 23
585078975856704 23
36714463364352 8
41095397115140 20
41095330005252 14
5913105400068 4
5911494787332 4
568860911337732 4
177434771850496 8
919878920634370 18
107066027672832 8
36699430978816 20
36697820366080 0
5910957916416 22
3712001770240 20
1512978514176 20
3711968216320 15
36701578462464 8
39997965434888 17
39996354822152 17
4814130216968 17
392113339301890 18
286288696379522 20
599647236916480 20
602945771372552 17
40004407885832 17
567761936154632 17
22404975132672 3
4813594361856 3
4811983749120 3
567761400299520 3
4820036812800 3
36716610848016 8
41097544598804 15
5913643319556 3
1530158383376 8
599664416785680 8
568863059869956 3
568861449257220 3
604045350536468 15
849238649800850 15
286297286314130 15
41095397115152 15
177436919334160 8
107068175156496 8
5913105400080 15
1515125997840 15
142250466869520 8
71881722691856 8
36697350603024 14
4845940836352 17
4845806616576 13
321473068468370 15
740384725271824 8
670015981094160 8
599649384400144 15
568860911337744 15
564462931935504 15
566661921637648 15
599651531883792 8
39737056559104 1
4561274404864 1
39745646559232 1
39722024173568 1
39720950431744 1
39720413560832 1
6184763654144 0
5634999451648 1
5909877358656 8
457534345609472 8
321469731307584 8
321194853400576 18
321203443400704 18
39728466624512 8
4546242019328 1
4545168277504 1
39730614173696 1
39729540431872 18
286293949153344 8
286019071246336 18
5646819065984 0
39754236428288 1
5635536322568 11
388544803899240 2
4578454274048 1
39762826428416 18
4621403947008 1
39788596166656 1
4606371561472 1
4604760948736 1
568584953921536 1
4612814012416 1
39797186166784 1
39737037717760 21
35339058315520 7
161128677633 21
39720394719488 21
39719857815808 21
39722005332224 21
35324025929984 7
39720931590400 21
35322952188160 7
35322415317248 7
35321878413568 21
5677947035658 5
321194834559232 21
316796855156992 7
35326173413632 21
287109974130690 18
287144334393346 18
602669811269888 21
598271831867648 7
287127154524162 18
850059928076290 18
287118564589570 18
287109974654976 23
39754217586944 21
35356238184704 7
388544267028296 2
353360431810376 5
568586025107458 18
5644661620738 18
5636071686144 23
357478718832642 18
322294346743810 18
287112122138626 11
287111048396802 13
287110511525890 18
915206062768392 8
40820443774978 14
5638219169794 11
5636608557058 18
321212033269824 8
286036251115584 8
39994754596864 1
287109976162368 8
321195927142464 13
321195390271552 8
4818972442624 1
321203443335232 8
40003344596992 18
286020144988224 13
7009959444744 13
5669359190080 8
5944379705472 0
321229213139008 8
286053430984768 8
850059930632256 8
40029095493896 13
39994735755520 21
35596756353280 7
35631116091656 13
391563582931200 21
387165603528960 7
6185835364416 23
35613936222472 8
920428676448258 18
39996883239176 13
35598903836936 7
39995809497352 13
35597293224200 7
35597830095112 7
353361509746504 5
318177137657672 3
388545344964424 5
39995272626440 13
388544808093512 5
39994735722760 9
105965500530952 8
176334244708616 8
35596756320520 9
321469712466184 13
317071733063944 7
392663095115778 18
287384852561922 18
602944689176840 13
598546709774600 7
5910949593090 18
287387000045586 15
5652187709440 0
40269632503808 1
40819379929088 0
5637155323904 0
5636081582080 0
5635544711168 0
5638229131264 0
568584961261568 4
5643597774848 0
5128210087944 1
5093850349568 1
40278222503936 1
40312582242312 18
5644671582208 0
5111030218760 1
40295402373128 1
5669367578624 0
6184755265544 16
321753199214600 18
40278222438408 8
5095997833224 1
5094924091400 1
286568827060232 18
40280369987592 1
40279296245768 18
5171159769088 2
5703727316992 0
40338351988736 2
5156127383552 2
5154516770816 21
5153979891712 11
5162569834496 2
5179749703688 2
40364121858056 2
40346941923336 8
5164717318152 2
5162569826312 11
40349089472520 2
40346941980680 11
57314485043200 3
5910957457472 23
5636079550464 18
287659730468866 18
6185827500034 18
568586034020352 3
176334253064480 18
105965508886816 18
5909885747200 0
321744609214528 8
286603186798664 8
286568827060288 8
286586006929480 8
321753199149128 8
286569900802120 13
5653259419712 23
76004823728192 23
40820518749248 3
40820451639360 14
5636616421440 23
568586032971840 23
5644669485120 23
36715017012480 8
41095950763268 3
177435325498624 15
107066581320960 15
36699984626944 15
5911511564544 3
1513532162304 15
3712521864448 15
36702132110592 15
5910958505984 3
287388208007314 15
6788196106281 23
143074017968160 24
6768870817800 11
6734511079424 21
7009422541376 16
7009388986432 15
4810399285312 8
5085285580800 0
4535521378304 1
77139760414761 13
143078313066528 24
6751690948616 16
6735047950344 16
6736658563080 11
6735584821256 11
4536058249224 11
425927647692616 7
285191233079112 20
285190696208200 19
285190694111080 3
288209487790088 11
318172286944584 13
569684464500744 11
848140112758600 19
425928721565512 20
425928184694600 19
425928182597480 3
569684465549312 1
567485475848192 1
6803230556168 16
425928721434456 7
848141186500440 5
2356863599617 21
4587058987016 16
4552699215874 13
4587059478530 18
286044855828488 17
6768868753416 11
4569879052296 13
2370889351176 17
171899650056 17
74938623295496 16
5086357323776 16
4536593121280 21
567485472768002 13
4544109281282 13
4535519346688 23
39754251206664 17
4570415988744 11
137539944448 9
286010496057346 18
39719891435522 13
74904263524354 13
4536593088514 18
4536056217602 13
567519832539144 17
4578469052424 17
283831840310281 11
72725607777289 13
143094351954953 11
2357400470537 16
4553772990472 16
567502653161474 13
4561289674754 13
4552699740160 23
286027676450818 18
565306817020937 11
4553773481986 18
39737071828994 13
848960450002946 18
286011032961032 11
425928184563560 7
286011569831944 13
77103253192712 16
74904263491592 16
285190157240136 3
72705273790472 17
70506284089352 8
6734508982280 11
6736656498696 11
2338677096456 13
2336529580040 11
72707421274121 13
39720965210120 17
40270729412616 16
5086894194696 16
4537129992200 11
4569879117824 21
848960449511432 17
569684462436360 13
848140649629544 4
565286483034120 11
356379240759298 18
321194868670466 18
425927645726536 3
567485472735240 13
286019086024712 17
637854216978440 16
567486546542600 17
568036310745096 16
5094947258376 17
4545183055880 17
4569879085058 18
4604238823426 5
4621419216898 17
285191230981976 5
6803228491784 16
4604238790664 16
2405249089544 18
206259388424 16
567554192769026 17
4612829282306 17
4604239347712 23
425928719468376 23
39788611436546 17
4604776218626 17
7043748757512 13
288209521345088 16
288209487790144 15
286010498089024 8
6768904372800 16
7011536502792 13
7010462760968 13
7009925890056 16
7009388986376 9
7043891333248 0
4844901632128 0
6768870817856 15
4569881116736 8
4810936188936 17
288484365729800 13
569959342440456 13
881127042844488 24
851159475814976 16
851159442260032 15
848960452558912 8
4844757024776 13
4810397253634 18
2631741506569 13
73000485815305 13
919329198374914 18
286285373997064 17
7009386921992 13
2611407519752 13
388545294632776 0
318177087326024 3
285191235176264 0
4811471028232 17
391563617042434 18
881126503876424 3
881127040747337 3
2422428958792 16
2405785960520 16
283880225800264 11
848141188597592 5
565355202510920 16
6751699337216 0
4552709636096 0
6736666951680 0
6735593209856 0
4536603508736 0
39719901855744 0
4536066637824 0
567485483188224 4
4544119701504 0
4545193508864 0
7284266893320 16
5085277192200 16
7043882944704 15
4569889505280 0
635691742953505 13
4604249243648 0
4553781379072 16
39720973598720 21
4537138380800 21
74905345687552 16
4536601477120 9
5119634931720 16
567486554931200 21
4545191444480 21
22129055989762 18
5085275160578 13
5119635423234 18
2906619413513 16
39738153467912 16
4554318249992 16
567503734800392 16
4562371313672 17
5102455554050 13
286560251904008 16
39721510469640 17
110089717776392 16
74905882558472 16
567495144865800 17
5086348935176 16
568035229106178 13
5093865619458 13
5085275684864 23
286560252395522 18
602670927020040 17
39729563533320 17
567487091802120 17
637855299108872 16
74913935622152 17
40269647773698 13
5086349426690 18
567486555947008 3
5153995161602 11
4810407673856 0
5909917204768 18
3710927503648 18
1511937802528 18
288210695751872 15
851160650221760 15
5911058580744 4
4811479416832 21
5911058580740 4
5910991470852 14
1530124829952 8
36697317049600 20
144449456572160 0
74080712394496 20
3712505087744 0
142250433316096 8
71881689138432 8
1513481831680 0
3716263184128 20
1517239928064 8
39995851505672 17
4812016287752 17
566661921638144 20
564462898382080 20
567761432838152 17
4820069351432 17
41095430669592 15
5911596500232 3
4811480432640 3
568861012002072 4
568861013050632 3
36714496918800 8
41095430669588 15
5911596500228 3
5911529390340 14
564480078251280 8
568861013050628 3
568860945940740 14
177434805404944 8
107066061227280 8
3712001769744 15
5911058580752 15
1513012068624 14
2955004903496 11
36701612016912 8
599647270470928 15
705200386737424 8
634831642559760 8
564467193349392 8
143074554839328 24
39719910244352 1
5677980590122 5
4544128090112 1
143078849937696 21
39728500244480 1
355559455065960 4
5669390712866 18
6803247333376 1
4604257632256 1
1255238075394 13
39719891403008 21
35321912000768 7
564188011627522 13
1246648140802 13
282713034916866 13
1242353173506 5
5635030974466 13
141975546561538 5
71606802383874 13
36422430295042 13
1238595077122 13
5652211367938 13
355558918195016 5
287110008209410 18
5636105240578 14
1306777682946 5
5703750975490 17
7044285628680 13
321194886955072 8
286019104800832 8
7012073373960 13
7010999632136 13
7009925857544 9
288484902600968 13
569959879311624 13
1512936113154 18
2632278377737 13
39994769309960 13
7009923793160 13
2611944390920 13
388545848280904 24
355559996131144 5
285191788824392 3
5635041394688 0
5093883904008 1
40278256058376 1
7353003155456 21
5154013454336 2
5162603388936 2
40346975543304 2
1787814020098 13
6184787312642 13
286568860614728 8
5636180214848 3
5636113104960 14
1530678478080 8
36697870697728 15
142250986964224 8
71882242786560 8
1517793576192 15
4552877408384 0
283043176909161 22
4537845022848 0
4536771281024 0
4570048921608 17
4538918830208 0
848174438943560 24
848174975814473 22
4545361281152 0
283004121645384 19
5085444964488 16
7043815836224 16
4570057277568 0
4537836666888 17
4536762925064 17
4535689150472 17
458908802220361 15
286010665893896 17
318171313865032 15
567485642604552 17
4544280133640 17
286019256877064 17
281630669604864 9
423775833426249 3
283038881941833 19
283038345070920 3
283042640038217 22
156900818945 19
4553949151360 21
281629730078722 5
423780128524617 3
155827109890 5
844562503630850 18
70540677382152 13
281621140144130 18
35356305293320 7
70506317643776 21
281612550209536 23
140875061821440 8
140909421559816 8
1237085061376 1
171933171720 9
423759190427977 3
353390446250313 15
351982233913344 9
316797861824512 9
422350978091008 5
286011603388416 21
281614026606592 9
173006946312 13
281615637219328 9
285224519076200 15
285224483425096 24
283025460169032 3
283021702072648 15
281617784702976 5
138647240704 23
563088600662018 18
147237175298 18
74905513459840 21
4536769249408 9
39721141371008 21
4537306153088 21
285225020296009 22
283025997039945 22
423762948524361 7
281646909915144 13
355593227602761 22
353389909379400 15
353394204346697 22
423758653557064 3
88650549594113 16
4538916765824 21
70508465127425 19
563087526887424 21
281614697693186 5
563121886625800 13
422350038564866 5
180523139080 7
351981294387202 5
316796922298370 18
281613623951362 13
281613087080450 18
845971655493961 15
281622079670272 9
844563443156992 9
70507391418370 5
423763485526345 3
848174436846409 22
845971118623048 3
140794724354 5
845975413590345 22
567486722703488 21
139184111618 18
4545359216768 21
140876135596034 5
35323019329538 18
70528732006408 8
423741607903563 19
633477611685896 8
70506854514696 13
286010663862280 17
70508465127432 13
351983441838089 19
70507391385608 13
281647849474048 9
282987476549961 15
105690689732616 13
423724428034377 15
211243805999112 8
70509538869257 13
351981294354440 13
282986939679048 15
4571129020544 21
4536760893448 17
633456271065096 13
70514907578376 13
281646909947906 18
423725501776203 15
423724964905291 15
844562503598088 13
173006979074 18
206292942848 21
4538917781632 3
281681269686274 5
567486723719296 3
207366717442 5
70575037120520 16
206829813768 16
140943781298184 8
35390665031688 16
208440426504 16
207366684680 8
281681269653512 8
4571130036352 3
563156246364168 16
214882877448 7
283038345595168 8
4810575446144 0
285224483949344 0
283025460693280 8
1511962968352 18
288210628643392 16
355588933159712 0
285222336465696 0
285220725852960 0
423758654081312 8
353389909903648 8
283023313209632 20
283021702596896 0
848170142403360 20
845971119147296 8
1563368360224 1
4810567090184 17
142283676846368 1
71914932668704 1
1548335974688 1
1546725361952 1
285185963459360 0
282986940203296 18
283021165201696 5
1550483458336 1
564496141912352 1
283040493078832 8
5912233509280 3
283027608176944 8
423760801564976 8
353392057387312 8
850369232832816 15
851160583113280 16
845973266630960 15
282989087686960 15
463856732168 9
281888367642624 9
70821863524361 8
141184165218312 9
70815421040648 9
35631048951816 9
448824346632 9
447750604808 9
447213733896 9
70819716040712 8
281921653573640 9
450971830280 9
4811647189120 21
281887428116482 18
563396630284296 9
455266797576 9
413525147650 18
70781195550728 8
387167818121225 19
387165670637576 13
914933399453705 19
914931251970056 13
844631223107650 5
281689859620930 5
2650028673048 23
4811648204928 3
563157320138818 5
215956652098 5
316865641775170 5
281681806557250 5
35391738806338 5
207903588418 5
41097611707792 10
5911160291712 3
604045417645456 10
4810567057600 8
4570048888968 9
4535689150592 21
567485642604672 21
4552869019784 16
4536226021512 11
567562953064584 1
39720061239432 9
4537836634248 9
4536762892424 9
286010665861256 9
4612999610504 1
567485642571912 9
4544279085192 4
567494233587840 1
567485643620480 1
4578639872136 9
4561460002952 1
4604408627336 16
39788780748936 16
567494233555080 1
567554362081416 16
4546427617416 9
4545353875592 9
286019256844424 9
71075266594817 21
165490753665 19
282163245549568 9
352533063436289 21
71096741431305 23
71062381692929 8
106242458814465 7
211795575080961 8
71059160467457 21
71058623596545 21
5086525096064 21
4571129020424 17
4536769282048 17
282162306023426 5
634008040146945 21
71066676660225 21
688403054594 5
71079561562121 16
71062918563849 23
71056073457672 13
352537358403593 23
71092446464001 21
39721141370888 17
4537306152968 17
4538916765704 17
634012335114249 23
774193767809032 8
563637282701320 13
567486722703368 17
4545359216648 17
756048764928 21
4604406562952 16
756048756744 11
1529151226144 18
36696343445792 18
142249459712288 18
71880715534624 18
1514118840608 7
1512508227872 18
286010665861312 8
564461924778272 18
4570048889024 8
4810567057544 9
5944310499616 18
1546331095328 13
848960620331200 8
5946459031840 3
142252684607744 8
142251073995008 8
4819158040712 9
705200490545408 8
1511971356928 19
1563376748800 19
142283685234944 19
71914941057280 19
1548344363264 19
1546733750528 19
3712068879104 20
1513045623040 4
1550491846912 19
4811647189000 17
564496150300928 19
1530226540800 8
142250535026944 8
41095464224016 17
36697484821776 15
1515193106704 15
71881790849280 8
144449558283008 0
74080814105344 20
3714217411328 20
1515194155264 3
3712606798592 18
1513583542528 3
4845873727488 2
564462999044368 15
564463000092928 3
566662023348992 20
285237420755272 19
5635209166976 0
5669568905352 0
353394791549800 5
457534412718336 8
5652389036168 0
40819581255816 0
5637356650632 0
5636282908808 0
5635746037896 0
568585162588296 4
5643799101576 0
5154181226624 21
5703928643720 0
35339125424384 7
285241715722600 20
35321945522432 21
282713001363456 5
35322482426112 7
35323019297024 7
35324093038848 7
355593244379976 5
353394254678856 19
282755011452939 5
1280034742282 5
316796922265856 7
142017523097611 5
71648778919947 5
41095463765184 23
282712061837314 18
598271898976512 7
564229988163595 5
1238158868482 18
35356305293568 7
322297567972354 11
40820577993730 17
283038899243296 8
283026014341408 15
423759207729440 15
353390463551776 15
283023866857760 15
3745245300778 1
5910087073928 0
39994939179272 17
40837765727424 3
1563368359946 24
35631183200520 13
35596823462144 7
564496141912074 24
1554778425354 24
1546188490760 23
387165670637824 7
111189330035904 23
40821122729152 3
5636280877248 3
142283676846090 24
71914932668426 24
1548335974410 24
1546725361674 24
283021165201418 24
1550483458058 24
603770539279552 3
40829175792832 3
35648228854016 8
35614003331336 8
35596823429384 9
105999793162496 8
176334311817480 8
176368537340160 8
35633196468480 7
35598970945800 7
35632122726656 7
35597360333064 7
35597897203976 7
35631585855744 7
105965567639816 8
317106025695488 7
35635343952128 8
317071800172808 7
598581002406144 7
598546776883464 7
282780781314114 5
1306878345282 5
39720078016640 1
4544295862400 1
39728668016768 1
6184964980872 0
5635200778376 1
5635209166856 17
4604425404544 1
5643791761544 1
176334320173344 18
105965575995680 18
321195054727360 8
286019272573120 8
41370341672128 3
40820585858112 17
1513599271168 15
41095455900802 18
285237370423624 0
285241665390921 22
143074085077024 24
285224485521736 24
283025493723496 3
285225022392649 22
848170143975752 15
848174438943049 22
72724534036481 14
154786922498 13
354182330877953 21
281613523290112 23
72746008872969 23
72711649134593 14
353394204347208 0
283025997040456 24
285225055947624 0
285220725328201 15
171966758920 13
285220188457288 15
72707891038209 16
213444842522625 19
72708427909121 21
423763485395785 7
353394741218121 22
283021198756168 19
563087560474626 13
146196987906 13
137607053312 23
17729927317504 23
285224483424585 22
281612583763970 13
848174472498024 20
635657307588609 21
845975950461769 22
138680795138 13
35321979142146 13
140875095408642 5
70506351230978 13
138143924226 13
72728829003785 16
70527691819016 8
72705340899336 11
70506351198216 13
2336596688904 11
72711649134600 11
354186625845257 23
72741713905665 21
565286550142984 13
635661602555913 23
425923451289931 15
171966791682 18
206326530050 5
2405316198408 16
206326497288 16
285220222536480 0
285220188981536 15
283021199280416 17
3745211746592 1
285222336465200 15
2645700118536 9
446710417416 9
72982232074241 21
2649995118600 20
412484960258 18
72986527041545 23
2611474628616 13
917136583460873 23
2667174987800 23
284124971829272 23
73018739296280 23
2652142602264 23
2651068860440 23
565599948539928 23
41095497778576 10
5911663609216 3
568861080159616 3
6734712406152 11
73257109981185 21
687362867202 13
73261404948489 23
3710994612512 18
1512004911392 18
3745220135168 19
1546230434048 19
3712103482112 14
3712069927168 15
5911126738176 17
1513080226048 14
285241682168136 24
285242219039049 22
285237924071752 19
143074621948192 24
355593277934440 5
1280068296746 5
1271478419490 18
142017556652090 5
285242219039080 24
72725070907649 21
354182867749121 21
72746545744137 11
72712186005761 14
35321979109632 7
353394757995336 5
213445379393793 19
72708964780289 21
5911125230784 3
635657844459777 21
1237118681090 13
72729365874953 11
354187162716425 11
72742250776833 21
635662139427081 11
5636239459330 17
1563401914410 1
564496175466538 8
1554811979818 8
285220742629664 15
283021752928544 15
142283710400554 1
71914966222890 1
1546758916138 8
283021198755882 8
1550517012522 1
2667711858953 23
5653427193024 3
73038066780425 23
73019276167433 23
2652679473417 23
2651605731593 23
72982768945409 21
73017128683785 17
284125508700425 23
2650531989768 24
40820619412672 3
76004991501504 23
5636784194752 3
565600485411081 23
3745211746314 20
1546222045194 19
568586200745152 3
5644837258432 3
635953660463369 14
73003706910985 7
72999948814601 17
213741195397385 23
73004243912969 14
354478683752713 14
354457745656073 17
72987063912713 23
35631082539264 7
2612011499784 13
72983842687241 17
635932722366729 17
73257646852353 1
6186003137728 3
5636247323712 17
5911117366402 18
39737182388352 0
4554957783168 0
4553884041344 0
4553347170432 0
22147410264224 4
567502763720832 4
4561400234112 0
4562474041472 0
6734687240320 0
5119737593992 9
39721076260992 0
4537241043072 0
22128084910208 0
7009523204672 17
4810499948608 17
4535622041600 17
5085377855616 21
4538851655808 0
4538314784896 0
39722150002816 0
288485439441472 16
22131306233984 0
57314602483872 24
92498974572704 4
567495247593600 4
39723223810176 0
4539388592256 0
567487731335296 4
568035331309696 21
4546367848576 0
567486657593472 4
4545294106752 0
22138822426752 0
585080183816352 4
22138820329632 4
4547441655936 0
39729666261120 0
567488805142656 4
5102557724808 16
4587170037888 0
5085914726536 16
40269749944456 16
39754362257536 0
5087525339272 16
5086451597448 9
4571063910528 0
458909875963209 15
7044822469184 16
4570527039616 0
7044285598272 16
4536158912520 17
286560354566280 9
288518725438016 16
318172387607880 15
568035331276936 16
569993702148672 16
567519943590016 4
4578580103296 0
4579653910656 0
4621529776256 0
6253625745536 21
4606497390720 0
22198949871776 4
568035332325504 1
567485576511488 17
851435393911360 16
5154097332360 11
568104050786440 11
286028716148736 21
39738254131328 21
4554418913408 21
4553882009728 16
286011536246784 23
286044956491784 17
4569979715592 17
287419748583753 3
283021769181513 15
356380280457216 21
321195908368384 21
281613556844544 9
286012073150464 21
286013683763200 21
423758720665929 15
287419211712840 3
283021232310600 15
4571053522952 17
74905446318208 16
39721074229376 9
22198950920320 19
22130230395008 19
110089818439808 21
39723221745792 21
39721611133056 21
74905983221888 21
4537239011456 9
4539386527872 21
4538849624192 4
286560352534658 5
286048043993090 11
286013683730434 5
286010596720642 17
848961489700864 21
286020126214144 21
602671027683456 21
39729664196736 21
567487192465536 21
567486655561856 4
4545292075136 3
5086449565826 5
4536693751810 17
70526718739465 13
286030864123906 11
286027777114114 17
4553874145282 17
848963637676034 11
848960550666242 17
286022274189314 17
286012744237064 17
286045896017920 21
286011133624328 17
70506384752648 13
74904364154888 17
70508532236297 19
39721065873416 17
39755434000512 21
4571598782592 21
4571061878912 4
4538841268232 17
286014221125634 11
286019186688008 17
356382428432386 11
321198056343554 11
286012744728578 17
567485573398536 17
356379341422594 17
321194969333762 17
567486647205896 17
4545283719176 17
74905438453762 17
4538841759746 17
22147411312768 19
4556030541952 16
567503836479616 16
92498975621248 19
22131305185408 3
567495246545024 3
22129157668992 3
74907594850432 16
4539387543680 3
585078037315712 3
585080184864896 19
22138821378176 19
637855400788096 16
567487193481344 3
4547440607360 3
4588242796672 16
5154095267976 11
4604339453960 17
206360051720 16
74939807105152 16
4571599798400 3
567521016348800 3
4579652862080 3
4812655820928 0
4811582079104 0
39994880426112 0
4811045208192 0
5912165351840 4
286010598752320 17
288211098405440 16
288209622008384 17
286560354566336 15
285220256090912 0
287419212237088 18
283021232834848 18
22405108301984 4
4813729628288 0
567760461758592 4
4819098271872 0
850369165723936 20
851160514955840 16
4820172079232 0
6769005036096 17
5119737594048 15
4569981780032 17
4811036852232 17
4844868075648 13
5944235002144 18
1546255599904 18
288244921272896 16
5912703271328 3
287421359720752 15
283023380318512 15
850371313207600 15
851161052875328 16
851159576478272 17
849510309036224 15
848960553222208 17
851194875742784 16
286286414186496 21
4844723374088 9
446743971848 9
57313528742080 3
39995952169088 21
4812116951168 21
22129156620480 3
567761533468802 18
4820169982082 18
4811580047488 23
585079110074560 3
39995952136322 18
4813727531138 4
4812116918402 18
286285474660360 17
919329299038210 17
919332386048002 11
4811571691528 17
286288562161666 20
391566804715522 11
391563717705730 17
4845939785858 13
849271801579538 21
286330438092818 21
22405109350528 19
4813728579712 3
4812117966976 3
567763682001026 3
4822318514306 3
286322921900050 21
321506220247058 21
567761534517376 3
4820171030656 3
4814265450626 3
849238515582994 15
286297152096274 17
41095531333008 10
5913240666496 3
5911630053760 3
4845940834432 13
321472934250514 15
286287622635538 17
568861046604160 3
5102566113408 0
4552810299392 17
4552801910912 1
567502755364992 21
4570518651016 9
40819522535552 1
567562885955712 1
567494165430400 4
39994872037568 8
39719994130560 0
4811573690560 8
4536695783552 1
5086459986048 0
4536704172032 17
4811036819648 15
4536158912640 21
5087533727872 0
4537777913856 17
4537769525376 1
286285476659392 8
286010598752384 18
22679986208928 4
5088607535232 0
4538851721216 17
567760453370048 8
567554295988352 1
4819089883328 8
567485575463040 9
5643740381312 1
602669947584640 21
567487722979456 21
4544211976320 0
567486649237632 21
567486112366720 21
40828112535680 1
848960552206464 21
4545294172160 17
4553338781832 16
567580065824904 1
4630112370824 1
5119745982592 0
5085377855496 17
6734678851720 11
4844859687104 13
4569981780096 1
39720531001480 11
4538306396296 11
4537232654472 9
567562885922952 1
567565033439368 19
286011135623304 9
567486112333960 11
567519935234176 21
4615079985288 1
567511346348160 1
567502756380800 1
567494166446208 1
5703869923456 1
567496313962624 19
567495240220800 21
4604341518464 21
848969143189632 21
567487723995264 1
567486650253440 1
567486113382528 1
567554294972544 21
849235431129280 8
848960553222272 18
4621521387656 16
567571474841736 16
4604878389384 16
567562884907144 4
567528526217344 21
39788713607304 16
4606489002120 16
567519936249984 1
602738667061384 16
567556442456200 16
567554831843464 16
567554294939784 16
4612931453064 4
286027776589954 5
4553873621122 5
848960550142082 18
286019186655362 18
286561292093440 21
39755434000392 17
75456133236737 21
71058153834497 21
40270830076032 21
39721074262016 17
4571598782472 17
5086994858112 21
4537239044096 17
5086457954432 16
4536702140416 17
567486647173250 18
4545283686530 18
321194968809602 18
356379340898434 5
286012744204418 5
286011670462594 13
286011133591682 18
585078029975712 24
74905437929602 5
39721065840770 18
4538841235586 5
4537230622850 18
71062448801801 8
286560352567304 17
39723221745672 17
39721611132936 17
4539386527752 17
5086449598472 17
286563440068610 11
286560353058818 17
286044956459138 18
585112389714081 16
602671027683336 17
39729664196616 17
567487192465416 17
4571053490306 18
5086450089986 17
22679987257472 19
22130231443456 17
5088606486656 16
568036412424320 16
567486656610304 17
74973083631752 16
39788711542920 16
4606486937736 16
4604876325000 16
5120818741376 16
4571062927360 17
567554292875400 16
286027778621632 8
4810499948672 1
5910017868064 17
1512038465824 18
288760317348416 16
321194970841280 8
286011672494272 13
286011135623360 15
322294499246272 8
567760453402752 21
848960552173760 8
286019188687040 8
287118717092032 8
4587161649344 8
39754353868992 8
4571055521984 8
4570518651072 15
4811036819592 9
5946390874400 4
5944780261664 18
286044958490816 8
567519935201472 8
4578571714752 8
568894196812064 18
848977733091520 8
567769044385920 21
5912166400288 17
848969143156928 8
567760454418560 1
851710271818304 16
848961626964160 13
848961090093248 15
5946928793888 3
142250604232960 8
848994912960704 8
286285474627714 18
4811571658882 18
849235428573314 18
286297152096386 20
5944243390720 19
1546263988480 19
36697417712896 20
39995952168968 17
4812116951048 17
321469847240834 18
286287622635650 20
4813719666818 20
286331511834770 15
4811581095936 17
36714597582096 8
36699565196560 15
321481524185234 22
849237576056978 15
286296212570258 15
177434906068240 8
107066161890576 8
5911093182720 17
3712103482624 15
1513112731920 15
3712137036544 20
1513113780480 3
22439334873088 2
4847954102272 2
4846343489536 2
567763673088146 15
4822309601426 15
849247105517714 22
321471994724498 15
286288696377490 13
599647371134224 15
567795760039936 2
4854396553216 2
39998091755666 15
5652321927296 0
40269766721664 1
39720010907648 17
40819514146944 0
5637289541760 0
5636215799936 0
5635678929024 0
5638363349120 0
568585095479424 4
5643731992704 0
4544228753408 17
39728600907776 17
5644805800064 0
5669501796480 0
6184889483400 16
5171293986944 21
5703861534848 0
40338486206592 21
5156261601408 21
5154650988672 21
5154114109568 11
4604358295552 17
57314619261056 3
5911091675328 23
5636213768320 18
287111048398848 23
287113195882498 11
287110108872706 17
5636205903874 17
5638362300544 3
568586168238208 3
5910019965056 0
321744743432384 15
321194987618368 17
287419765885216 15
283021786482976 15
286019205464128 17
5653393637568 23
40820652967104 3
76004957946048 23
40820585857216 14
5636750639296 15
5944235001866 8
5946382551050 20
568586167189696 23
5644803702976 23
5911091675266 18
39994869973256 17
40029095495936 21
35631116093696 21
35596890571016 7
5911092723840 3
287421359786002 21
5913240207490 3
287388073789458 15
39737190776960 1
4561408622720 1
39745780777088 1
39720547778688 1
39722158391424 1
39721084649600 1
6184897872000 0
5635142057984 17
5910011576512 8
5635133669504 1
321469865525440 8
321194987618432 18
321203577618560 18
39728600842368 8
4546376237184 1
4545302495360 1
39730748391552 1
39729674649728 18
286294083371200 8
286019205464192 18
39754370646144 1
5635670540424 11
4578588491904 1
5712444129416 1
39762960646272 18
4621538164864 1
39788730384512 1
5154114117632 17
4606505779328 1
4604895166592 1
568585088139392 1
4612948230272 1
39797320384640 1
5703853146248 16
287110108348546 18
5636205379714 18
321212167487680 8
286036385333440 8
39994888814720 1
287110110380224 8
321196061360320 13
321195524489408 15
4819106660480 1
321203577553088 8
40003478814848 18
286020279206080 13
5669493407936 8
321229347356864 8
286053565202624 8
850060064850112 8
6185969582272 15
5636213768256 17
36697971361024 15
287384986779778 18
5911083810946 18
287396663724178 22
287387134263442 15
5913231294610 15
6751833555072 0
4552843853952 0
39720036073600 0
6736801169536 0
6735727427712 0
4536737726592 0
4536200855680 0
22128118464642 0
567485617406080 4
4544253919360 0
4545327726720 0
7284401111176 16
6734645297160 17
5085411410056 16
7043782281792 16
7043748726848 15
6769013424256 0
4570023723136 0
4604383461504 0
72725607779329 21
4553915596928 21
77105400678401 21
72707421276161 21
39721107816576 21
4537272598656 21
74905479905408 21
4536735694976 9
4570013335560 17
567486689149056 21
4545325662336 21
22129190207618 18
5085409378434 5
4535653564418 17
2356997817353 11
4552833957890 17
72711716243465 14
2342972065800 16
4536727339016 17
585078070870146 3
567486690164864 3
4604373565442 17
7009531592832 0
4810541891712 0
288210595088960 16
288210561534016 15
7009523236872 17
850369199278384 23
851160549558848 16
851160516003904 15
4811613634688 21
4811613601922 18
4811614650496 3
5911126737280 14
2405383307336 16
6769005035656 9
7009523204288 15
4810533503168 8
6734645297280 21
4570015334536 9
4535655596160 21
5085419798656 0
4535663984640 17
569684598751360 21
567485609050240 21
6751825166472 16
4552835465352 16
567562919510152 1
6736792780936 9
6735719039112 9
6735182168200 16
4536192467080 11
39720027685000 9
4536729337992 9
288209622007944 9
286010632306824 9
569684598718600 11
4612966056072 1
567485609017480 9
4544245530760 4
640089722226721 21
567494200033408 1
569684599767168 1
567485610066048 1
4578606317704 9
4561426448520 1
6803364774024 16
4604375072904 16
39788747194504 16
567494200000648 1
569753318228104 16
567554328526984 16
4545320321160 9
286019223289992 9
4552833433730 5
585078063530146 16
5086491541632 21
4536735727616 17
567485606985858 13
4544243499138 13
286010630275202 18
4536727306370 18
74904397742210 5
39720025653378 13
4536190435458 13
39721107816456 17
4537272598536 17
567486689148936 17
4545325662216 17
4570013302914 18
5085409902594 17
4604373041282 5
6803362709640 16
4604373008520 16
288209622008000 15
286010632306880 8
7009523204232 9
6769005035712 15
4570015334592 8
5910045131144 19
4810533503112 9
5944276945184 18
851159576477888 15
848960586776768 8
142251107550464 8
4819124486280 9
705200524100864 8
4810531471490 18
3712102434560 20
1513079178496 4
4811613634568 17
1530260096256 8
36697451267344 15
144449591838464 0
74080847660800 20
3712640354048 0
142250568582400 8
71881824404736 8
1513617097984 3
564463032599824 15
566662056904448 20
564463033648384 3
285237454309704 19
5635175612544 0
7353137373312 21
5154147672192 21
77105937549569 21
72707958147329 21
1238192423938 13
72712253114633 11
5944268556330 8
7010060108040 17
5636247322816 14
72982836054281 17
39720044462208 1
4544262307968 1
39728634462336 1
5635167223944 16
6803381551232 1
4604391850112 1
5643758207112 1
5635165192322 13
321195021172928 8
286019239018688 8
7010060075400 9
1513632826624 15
4563749142656 0
369609853403177 23
22162100748296 17
651084830113833 23
4547643015296 0
22144920879112 16
300596173472072 19
17783312384033 7
191394775073 7
57312113098760 13
22129888493576 17
22128814751752 17
22128277880840 11
22127740977160 9
476500854047049 15
71092723286049 16
335763365691720 15
70542959083553 1
303602717720584 17
585077694431240 13
22136330944520 13
22196460486664 16
22136331960328 1
303611308703752 17
17748952645633 19
157035036673 19
88132729208840 17
281612684427264 5
70506451861504 1
140875196039168 8
1237219279104 1
71056216064000 16
17765058773000 17
17764521902088 17
88098369470464 21
52948357120008 7
299204602036224 9
158467113648128 8
17766132514824 17
17731772776448 21
17763984998408 9
139855167488 8
158501473386504 17
71058497767425 16
70508599345153 19
88134876692489 23
88100516954113 21
299238961741832 17
17730699067392 9
580679578714112 21
563637425307648 16
563087661105152 1
36421591499008 1
17772574965768 7
123282741559304 7
228835857825800 8
441316479861065 15
88100516954120 8
88104811921417 23
369575493664777 19
88099443212296 8
88098906341384 11
300579528376649 15
303602715688968 17
88101590695945 13
228838005309449 8
369573346181128 8
22128812720136 17
22678576922632 16
123284889042953 7
88102664437768 8
300578991505736 15
88101053825033 11
299206749487112 8
88106959405064 7
862154555424776 8
651050470375433 19
88109106888713 7
223607029761 19
5088270974980 16
5087197233156 16
17798344769536 21
281681403871233 19
206427160576 24
140943915515905 19
70575171338241 19
35390799249409 19
208574644225 19
207500902401 8
206964031489 19
5087734104064 16
5086660362240 16
563156380581889 19
215017095169 19
88167088947208 16
158535833124872 8
52982716858376 16
17800492253192 16
17799418511368 8
17798881640456 16
88169236430857 8
299273321480200 8
17802639736840 8
17806934704136 7
1512097186080 1
932559811018793 23
22402618916872 17
285186097677088 0
282987074421024 8
283021568379184 15
282989221904688 15
18038862938120 13
88373247377416 8
404759869947913 7
404757722464264 7
88375394861065 8
932525451280393 19
932523303796744 16
22127749365760 0
4535831756800 0
4539053080576 0
565286726303776 4
4546569273344 0
70560147341345 7
70547262439457 8
22677496823816 16
211280455827489 7
105727339560993 7
70543504343073 7
651084838502433 7
633492920893473 7
70551557406753 7
565321087090720 3
70523640119296 7
563104849362944 16
17757542580353 7
165624971393 7
563096259428352 7
70506997121024 16
70507533991936 16
70508607733760 16
211243948605440 8
105690832338944 7
18313740845064 16
70510755217408 8
4537977241600 4
22163180847112 17
22128821108736 21
4536903499776 4
70515050184704 7
703825157849088 8
563089816977408 7
633456413671424 16
598272041582592 7
563088743235584 8
563088206364672 16
563091964461056 8
22146000977928 16
88648125284360 16
70540819988480 8
88650272768009 16
57313193197576 17
22129357979656 17
92497565286408 16
22130968592392 17
791785819635720 8
563122029232128 7
585078774530056 17
22137411043336 17
773362851841 19
74907259338756 16
4539588902916 3
4555158159360 16
4554084417536 16
74906185596932 16
567488468582404 3
567487394840580 3
70575179726848 16
18348100591616 21
282231159693313 19
756182982656 24
141493671337985 19
35940555071489 19
71124927160321 19
758330466305 19
74906722467840 16
757256724481 8
74905648726016 16
4554621288452 16
4537441419264 22
22128822124544 3
756719853569 19
756182974465 11
4555695030276 16
4539052032000 3
4538515161088 22
563156388970496 16
567485784162304 3
563706136403969 19
764772917249 19
567487931711488 3
4546568224768 3
567486857969664 3
4545494482944 3
4572874899460 3
4571801157636 3
18348100583432 11
4572338028544 3
4571264286720 3
18356690526216 7
1529285443872 13
36696477663520 7
142249593930016 13
71880849752352 13
1514253058336 7
19104560054560 18
1512642445600 7
1516400541984 13
564462058996000 7
1546465313056 13
70817845379105 13
70781338157056 8
1512105574656 19
39721275588672 3
4536903467072 3
563362547400704 7
36696477794560 19
567486856921152 3
41095598441732 20
3712203096832 20
1513179840768 8
22403699015688 17
4813393068036 3
4812319326212 3
4812856197120 3
4811782455296 3
41097745925396 15
5911294509316 3
3712303760660 15
604045551863060 15
41095598441744 15
36697619039504 15
1515327324432 15
564463133262096 15
475126464545024 7
457534546936064 8
52931177251072 7
35339259642112 7
17753247613185 21
161330004225 8
18889266503690 18
35339259740416 9
598272033292544 9
52914534252800 7
35322079740160 7
300347063345162 18
18872086568970 8
18876381601802 24
35322616643840 7
52915071123712 7
35323153514752 7
52916144865536 7
35324227256576 7
334388974092544 7
52918292349184 21
316797056483584 7
35326374740224 8
159609574989834 18
89240830812170 18
18874234118154 20
615863950803200 7
35324227354880 9
35322616742144 9
35323153613056 9
598272033194240 7
176059568226560 9
105690824048896 9
316797056581888 9
35326374838528 9
581822040055818 18
52948357120256 7
35356439511296 7
35356439609600 9
932798181703944 8
40820712211458 18
35390799347968 1
57586991005960 17
53188875288832 7
35596957679872 7
404757722464512 7
387165804855552 7
35596957778176 9
19138508752907 8
23227260993544 0
19421842448394 24
39722366107648 3
35871835685120 9
105965710213408 13
193926372000032 18
72980394967328 7
176334454391072 13
563379727270144 8
565561604342016 19
70783485640960 8
70782411899136 8
70781875028224 8
58412637684800 3
40820720075840 3
633731291578624 8
563363084271872 7
41096152089860 3
1513733488896 15
22404235886856 17
160666136903712 24
143074219294752 24
565836448563232 16
160670432002080 24
143078514393120 24
19982335770657 1
2390418161697 1
24326764265480 13
22127774564360 13
154921140226 13
19963008286728 17
17764018585608 17
580679612301314 13
563087694692354 13
17729793099776 23
17729658880000 13
17738248814594 13
146331205634 13
137741271040 23
281612717981698 13
299204635590658 13
142036238338 5
52914030968834 13
35322113359874 13
140875229626370 5
70506485448706 13
138815012866 13
138278141954 13
88098403024904 8
90297392726024 17
19928648515592 11
90299540209673 13
22127772532744 13
172101009410 18
5086693916676 16
2405450416129 19
206460747778 5
19997368025096 16
17798378323976 16
18004536786946 18
412619177986 18
20203526455304 13
565303872618528 24
635655436927008 7
706024181104672 24
565288840232992 7
565287229620256 16
565290987716640 13
565338232356897 7
72759170727969 13
653283861889057 13
635691944280097 13
72741990727713 13
565321052487712 7
72742527729697 13
565355412226080 24
72722663505920 19
565288840364032 19
72705483505664 16
70506493804544 16
563087703048192 16
565286692749312 19
687497084930 13
565321052618752 19
22128854663176 17
4537474973700 3
74905682280452 16
567486891524100 3
4545528037380 3
2955206238209 19
4554117971972 16
4536938102784 22
3711128830240 13
1512139129120 17
565561570656288 7
565561570787328 19
5911259907332 4
568861213394178 13
5911259972864 23
5911796843778 13
4811816009732 3
41095631996180 15
5911797826820 3
142250768860436 8
71882024682772 8
36697652593940 15
568861214377220 3
564463233926420 15
1530460374292 8
1513280505104 22
18889300058154 18
160666673774880 24
143074756165920 24
300347096899626 18
18876415156266 20
18872120123434 8
159609608544298 18
89240864366634 18
160670968873248 21
143079051264288 24
581822073610282 18
18863530246178 18
1271612637218 18
52914030936320 7
35322113327360 7
18872120188938 19
35322113425664 9
18829170507778 13
1237252898818 13
5636373677058 18
19421876002858 20
72997541282080 7
213717849768224 4
72982508896544 13
72980898283808 7
72984656380192 13
565562107527456 7
635930314834208 7
73014721151264 13
565562107658496 19
72980361412864 19
70781371711744 8
23228299150400 3
5636381541440 3
563362580955392 7
21337540397082 19
22181358895145 16
567513635455104 4
39748054122624 0
4564755775616 0
22127673868288 1
22677438070784 4
92533460140073 23
4810634166336 8
4535756259328 1
7009657422400 16
5085520461824 0
22402551775296 8
24601575031360 16
92532923203625 16
567497529327744 4
5088741785600 0
5096257978368 0
39731947995264 0
22139493482624 0
4547575873664 0
4598041772160 0
22128210739208 11
476501927789897 15
335764439434568 15
4581935644800 0
4632401510528 0
585077628338176 1
567485710729216 1
22181358960649 23
303637008318472 17
303602648580096 21
22162031542280 13
17764052140040 17
5087665946624 16
4537901744128 1
22163105349640 17
22128745611264 21
303602648547330 18
286010730938370 18
286045091201026 18
5087129075714 16
303619828449288 16
88118770566153 13
22145925480456 16
286027911331842 18
286010731462656 23
92496415981576 16
338787020668936 17
303604796063752 17
303603722321928 13
848960684883970 18
303603185451016 11
286019321397250 18
88098436579336 8
92498563465225 16
88100584062985 17
57313117700104 17
22130893094920 17
57862881902600 16
303611238514696 17
866552602001416 17
286012878946306 11
286011805204482 13
286011268333570 18
356379475640322 18
585078699032584 17
22137335545864 17
4604473671681 19
206494269441 19
5088203866112 16
22678510829568 16
568035472867328 16
568037620416512 16
5089277607938 16
92567283007497 16
22196391280648 16
17798411878408 16
5122026733568 16
288209756226112 16
286010732970048 8
303602650579008 8
305801673835072 16
4570115997760 8
6769139253824 16
22437054122112 0
287385120997664 18
22162033606720 8
24361056862784 16
22403088678920 17
4845136513152 0
866552605048896 8
868751628304960 16
851159710696000 16
848960687439936 8
40270964293696 23
5086592172096 23
568036545626176 23
919329433255938 18
303877526487048 17
22403623518216 17
391563851923458 18
286285609369602 18
22438126880896 23
4846209271936 23
286287756853266 15
22144862126080 0
4552944517120 0
4556165840896 0
5113437847680 0
4563682033664 17
57312054345728 0
22129829740544 0
22128755998720 0
4536301518848 0
4536838389760 0
22128219127808 0
39720136736768 0
4537912131584 0
567496455585792 4
39723358060544 0
4539522842624 0
22130903547904 0
4538985938944 0
585077635678208 4
22136272191488 0
567485718069248 4
4544354582528 0
39730874253312 0
5097331720320 0
4547575906304 17
567488939393024 4
22137345998848 0
4545428389888 0
22162041995264 0
22677429682184 16
4570124386304 0
74941013983265 16
70543034581025 7
4573345710080 0
4580861902848 0
22196401733632 0
4604484124672 0
4615221641216 0
4555090001920 16
4554553131010 16
74904506761216 16
70506527358976 16
4607167528960 19
74906654310400 16
39722282221568 0
4538983874560 3
22128753967104 4
4538447003648 4
57347485827080 17
4811714265152 23
4536836358144 18
57313126088704 21
39996086386752 23
22129290870784 16
22163650609160 17
567487326683138 18
4537373261824 23
39721208479744 18
567554436530176 16
563087736602624 16
567485716004864 4
567761667719232 23
567486789812224 18
567556584079360 16
567487863554048 4
4546500067328 3
74906117439490 16
39721745350658 18
4539520745474 4
57330305957896 16
304152404393992 16
74938866565120 16
4572269871104 4
22678501425160 16
127681870266376 16
57315273572360 17
57313662959624 17
22131438354440 17
286560487276546 18
620263079510024 17
57321716023304 17
585079244292104 17
4571733000194 18
4555627921408 16
22145934884864 16
567502896922624 16
567505044471808 16
4556701663234 16
567494306988032 3
22130902499328 3
5154229493761 19
756250091521 19
567496454537216 3
4606629609472 16
74907192229888 16
4539521794048 3
567489475215362 3
92497499193344 16
22129291886592 3
637854461231104 16
567487864537088 3
567486790795264 3
567486253924352 3
637856608780288 16
567488938344448 3
567488401473536 3
585078708436992 3
567486790828032 3
22137344950272 3
74908265971714 16
4589450788864 16
74941015097344 16
4573344661504 3
4572807790592 3
22163114754048 3
4571197145088 3
567520076791808 3
567522224340992 3
4580860854272 3
4573881532418 3
22402560163840 0
4810642554880 0
5910152085792 18
1512172683552 18
4813863878656 0
5912300618016 3
39738388348992 23
4554016227392 23
567503969681472 23
567495379746880 23
4812788039680 4
110089952657472 23
39721745350720 23
74905580535872 23
39721208447040 23
4537373229120 23
637855533989952 23
602671161901120 23
567487326683200 23
39729798414400 23
4812251168770 18
567486789779520 23
4545426292800 23
5911226351876 4
36697551930624 8
57588003995656 17
39755568218176 23
22404168777736 17
4571196096576 23
567521149550656 23
4813862830080 3
4813325959168 3
22403632922624 3
4811715313664 3
567760594960384 3
567762742509568 3
4814399700994 3
41095665550612 15
5913374884100 3
5911764271364 3
568861180821764 3
36699699414288 15
1513246949648 15
4847148826624 13
286288964814994 15
599647505351952 15
57312062734336 1
39720145125376 1
22136280580096 1
4544362971136 1
57320652734464 1
39728735125504 1
22196410122240 1
4604492513280 1
23270133145610 18
40272054812672 3
35322146980096 9
287110243090434 18
338787039445056 8
321195121836096 8
303611257290816 8
286019339681856 8
23227193884672 0
5635276275712 0
22686036393992 1
57870408548360 1
22746165944320 2
5154248335360 2
22754755878920 2
57939128033288 2
39739478867968 3
110091043176448 16
39723372740608 3
39722835869696 3
39730888933376 3
39756658737152 3
39791018475520 3
23228266643456 3
304161013104712 8
70781405266176 8
39997176905728 3
23228265594944 23
5636347985984 23
22438528516360 13
22404168777984 21
563362614509824 7
36698105578752 15
57588540866824 13
22406316261640 13
585354122199304 13
24326697123848 11
22162065162248 17
5086625759234 16
22127705391106 13
4535787782146 13
19949049644041 11
4552968175618 13
303602682134536 17
22128779165704 17
22678543368200 16
286010765017090 18
4604507783170 17
24601575063560 13
19997435134024 16
6734787903488 0
24326705512448 0
22127715811328 0
4535798202368 0
569684739260448 4
565286759858208 24
565321119596577 7
72742057967649 13
569719100047392 3
4554049814530 16
22128787554304 21
567486823366658 18
4545459879938 18
4536869945344 23
4537406816258 18
74905614123010 16
39721242034178 18
22145967423496 16
57313159643144 17
22129324425224 17
92497531731976 16
585078740975624 17
22137377488904 17
5085544120322 13
22128788570112 3
569684740308992 3
567485750607872 3
39721242034240 23
4536869912640 23
567486823366720 23
4811747852290 18
3712236652288 20
1513213396224 8
22403665461256 17
5911328064772 3
5911260954884 14
5911327016212 15
36697585485072 15
564463166817552 15
23270166700074 18
18830244250626 13
1238326641666 13
24602111934728 13
72980428521760 18
565561637896448 19
1513767044352 15
22404202332424 13
22127883583616 0
22127875227656 17
71101313222689 7
71075543418881 16
300613888117065 15
299205675780096 9
281613758171136 5
441350839601481 15
71062658516993 16
71059437291521 16
300613351246152 15
71058900420609 16
211795851905025 16
106242735638529 16
22128955326592 21
281612818644994 18
299204736253954 18
634008316971009 16
71066953484289 19
17730833285122 18
138915676162 18
88098503688200 13
88100651171849 19
71092723288065 16
206561378305 19
22128956342400 3
17798478987272 16
285220457417504 0
283021434161440 20
1546456926496 1
283038614030640 8
283025729128752 8
283023581645104 15
423758922516784 8
353390178339120 8
845971387582768 15
18038862907400 9
299273455730754 9
281681538121794 5
17799552761922 9
207635152962 5
41095732659600 10
22127875195016 9
22196594704520 16
22136466178184 1
70506594467840 16
88650272770049 21
71058355161089 1
563087803711488 16
88654567737353 23
22128955326472 17
756317200385 19
1512239792416 18
142250805559552 8
19138382924032 19
1546465315072 19
3712338363136 18
1513315107072 3
4847215937536 2
23227395211400 0
18872220852234 18
35322214088960 9
283021987809568 15
58412771902656 3
40820854293696 3
19138374535178 24
53223235029248 21
35631317420288 7
70781472375040 8
563362681618688 7
72741982341153 1
17746838751232 23
299204635592704 23
17733953849344 9
88098403059712 23
90299540211713 21
72707622602753 19
73257386805249 16
158467147237376 23
52914030970880 23
17730732623872 23
17730195752960 23
22127772534784 21
580679612303360 23
17738248816640 23
137875488770 13
17729793097730 13
90303835179017 23
17764018620416 23
285220457417008 15
283021467715888 15
18004536788992 23
568861347612034 4
568861348595074 20
5911395173760 23
565286826967072 24
565321186705441 7
18279414695936 23
5911394190594 17
568861348660482 17
5911395173634 17
302829573245256 19
18872254406698 18
90300077082881 21
72708159473921 1
18829170509824 23
90304372050185 11
19138408089642 8
23228433368256 3
5636515759296 23
90574954989833 17
72980495630624 18
73017405507873 7
565561705005312 19
72983045769473 19
22144996343936 0
4553078734976 0
4556300058752 0
39739596308640 16
4563816251520 0
567505177641120 4
57312188563584 0
22129963958400 0
22128890216576 0
4536972607616 0
22128353345664 0
39720270954624 0
4538046349440 0
567496589803648 4
39723492278400 0
567496587706528 4
110091160617120 24
22131037765760 0
4539120156800 0
4544488800384 0
585077769896064 4
22136406409344 0
567485852287104 4
6734955675778 0
39731008471168 0
75464999995425 14
4547710124160 0
567489073610880 4
637856741949600 4
602672369860768 24
39731006374048 24
22137480216704 0
4545562607744 0
7044017162816 16
22162176213120 0
22677563900040 16
24635934771776 16
4570258604160 0
22196535951488 0
4604618342528 0
39791135916192 24
4615355859072 0
567556717248672 4
4555224219776 16
303603722323968 21
74906788528256 16
75456410060801 16
71058430658561 16
39722416439424 19
4539118092416 4
22128888184960 4
39996220604608 15
57313260306560 21
39721342697600 18
4811848483008 15
4536970576000 18
22129425088640 21
567554570748032 19
568035599745184 24
567761801937088 15
567556718297216 19
567487997771904 19
4546634285184 5
4563814678656 23
286011805206528 23
303602782797832 17
567496588230784 23
22128879829000 17
286013952690178 11
286010865680386 17
568069959483553 16
74915378987136 23
39731006898304 23
4547708551296 23
4556299010176 16
22146069102720 16
567503031140480 16
567505178689664 19
567494441205888 3
569684908081282 3
567496588755072 19
4606763827328 16
74907863318656 16
92497633411200 16
22131036717184 3
22129426104448 3
4539119108224 3
637854595448960 16
567487998754944 19
567486925013120 3
637856742998144 19
567489072562304 3
4547709075584 3
585078842654848 3
567486925045888 3
22137479168128 3
22163248971904 3
4571331362944 3
567520211009664 3
4615354286208 23
22402694381696 0
4810776772736 0
305802747578944 16
288210829969984 16
4813998096512 0
39997294346400 24
567762875678880 4
5912434835872 3
287419480672560 15
283021501270320 15
850369434159408 15
868752702048832 16
851160784439872 16
39738522566848 3
4554150445248 3
567504103899328 3
567495513964736 3
4812922257536 19
110090086875328 23
74905714753728 23
39721342664896 3
637855668207808 23
602671296118976 3
39729932632256 3
567486923997376 3
4545560510656 3
22403766091906 18
4811848482946 18
39755702436032 3
4571330314432 3
567521283768512 3
4813997047936 3
22403767140480 3
4811849531520 3
567760729178240 3
286322116593682 15
567762876727424 19
22405914624130 3
4813997015170 3
5911361618304 3
286288830597138 15
22677572288640 4
4535890477184 1
22127816474624 17
22402685993152 8
22127808086144 1
4810768384192 15
5085654679680 0
4535898865664 17
5088876003456 0
4539120189440 17
40272172253344 24
567485843931264 19
585077761540224 21
4546636382208 17
568037753585824 4
585155072000136 1
22128344957064 11
22205118546056 1
585086352523392 1
567494434914432 1
585077762556032 1
567485844947072 1
22196527562888 16
585146481016968 16
567503023800480 24
567494433865888 4
569684900741282 16
5087800164480 16
4538044350464 17
286010865156226 18
303602782765186 18
567487991414944 24
602670216020128 24
848960820641952 24
22128879796354 18
567537383538849 16
57313260306440 17
848995180380321 16
567520203669664 16
602704575758497 16
5088874954880 16
22678645047424 16
22128889233408 17
567485851271168 17
568035607085184 16
567554563408032 24
568037754634368 19
567487998820352 17
567528794652832 1
22196525498504 16
303602784796864 8
286010867187904 8
22162167824576 8
4570250215616 8
5944511826208 18
866552739266752 8
848960821657792 8
5946660358432 3
40271098511552 15
39721342697536 17
5086726389952 15
4536970575936 17
567760721838240 16
568036679844032 15
567486924030016 17
286285743587458 18
4812923305984 17
36697686148368 15
4848222570496 2
4847685699584 2
22437992663040 2
4846075054080 2
286287891071122 15
3712371918082 15
567797102249984 2
23227328102528 0
5635410493568 0
22746300162176 21
5154382553216 2
39739613085824 3
110091177394304 16
39723506958464 3
39731023151232 3
39791152693376 3
23228400861312 3
39997311123584 3
23228399812800 23
5636482203840 3
57312196952192 1
39720279343232 1
22136414797952 1
4544497188992 1
57320786952320 1
39728869343360 1
22196544340096 1
4604626731136 1
40272189030528 3
39722433216512 17
338787173662912 8
321195256053952 8
303611391508672 8
286019473899712 8
567762869322144 4
22404302995720 17
4553112289410 5
6734922121344 0
24326839730304 0
22127850029184 0
567485885841538 4
4544522354818 5
4535932420224 23
39720304509058 0
4537006162050 0
4570292158594 0
4604651896962 5
4554184032386 5
567554604302466 5
568035633299618 5
22128921772160 21
567486957584514 18
4545594097794 5
4537004163200 23
22127705393152 23
17729725990912 9
74905748340866 5
39721376252034 18
567503064694914 5
637854629003394 5
567486958567554 3
22128922787968 3
569684874526848 3
567494474760322 5
567485884825728 23
567520244564098 3
4810810327170 0
39721376252096 23
4537004130496 23
567486957584576 23
4811882070146 18
567760762732674 3
5085688234114 5
24326831341704 11
22127841640584 9
77140037240865 16
22196561150088 16
22136432623752 1
567503057354914 5
602670249574562 16
848960854196386 16
569684867186848 24
567494467420322 5
567485877485728 23
5086759977090 5
4537004163074 17
22127839608962 13
4535922000002 13
567520237224098 16
22128921772040 17
569719226925217 16
568035640639618 5
567554596962466 5
567760755392674 16
1530528531714 8
566662325339906 20
3712371918592 23
564463302083842 8
1513348662528 23
144449860273922 20
74081116096258 20
142250837017858 8
71882092840194 8
5635444048002 0